1.000000119 -0.000000002 0.000000000 -0.000000000 -0.000000002 1.000000000 -0.000000000 0.000000007 0.000000000 -0.000000000 1.000000000 -0.000000000
0.981888890 0.056210652 -0.180926695 0.340240210 -0.062988974 0.997503102 -0.031934876 0.071103372 0.178679869 0.042752884 0.982977927 0.164781123
0.963632166 0.108290084 -0.244307518 0.338958085 -0.118934900 0.992472529 -0.029203283 0.059366446 0.239306077 0.057197910 0.969257951 0.123744540
0.933693707 0.160640940 -0.320015997 0.338819712 -0.175948888 0.984210134 -0.019305196 0.059218951 0.311861753 0.074331596 0.947215438 0.124793515
0.932421505 0.167447791 -0.320236057 0.339264959 -0.182859182 0.982966185 -0.018443745 0.056886237 0.311692834 0.075755447 0.947158277 0.120117396
0.923472345 0.178012520 -0.339867920 0.341142833 -0.195371509 0.980577588 -0.017257057 0.055728856 0.330194831 0.082336918 0.940314829 0.115375787
0.906382203 0.230360523 -0.354125798 0.200468406 -0.255991548 0.966312468 -0.026617760 0.090090148 0.336064458 0.114779107 0.934818864 0.127915025
0.891854405 0.253985733 -0.374281973 0.195259899 -0.278602451 0.960329175 -0.012191231 0.090364397 0.356337458 0.115148686 0.927234769 0.125683442
0.865722060 0.276246876 -0.417388052 0.191440076 -0.305485249 0.952190757 -0.003415659 0.092214860 0.396489501 0.130462930 0.908721805 0.124239400
0.848958969 0.293580532 -0.439407676 0.181079522 -0.321000546 0.946996331 0.012524445 0.082399420 0.419794381 0.130417392 0.898200393 0.126565725
0.830209792 0.313739270 -0.460781276 0.175433651 -0.343322933 0.938987911 0.020763345 0.080872148 0.439182341 0.140958846 0.887270749 0.128839001
0.802563131 0.334294438 -0.494104862 0.169180870 -0.369758695 0.928713560 0.027745277 0.072878435 0.468156964 0.160432234 0.868959427 0.139747530
0.784035206 0.351567775 -0.511555254 0.161707595 -0.386245877 0.921470702 0.041303456 0.065430447 0.485904127 0.165202752 0.858256996 0.152176529
0.727855206 0.337624818 -0.596855283 0.342351496 -0.396322399 0.917418897 0.035650305 0.074617073 0.559602857 0.210598901 0.801556408 0.194819540
0.740718007 0.336474836 -0.581482053 0.312046736 -0.394060582 0.918608308 0.029580949 0.095705733 0.544107497 0.207228020 0.813021243 0.122754775
0.724282503 0.346828073 -0.595923662 0.309761256 -0.404584438 0.913625479 0.040000916 0.098200582 0.558324516 0.212129503 0.802044153 0.118396834
0.696637332 0.370026171 -0.614635766 0.311114907 -0.431670636 0.900481761 0.052850787 0.097295187 0.573024511 0.228502393 0.787038505 0.117627077
0.697770953 0.369611830 -0.613598228 0.303324580 -0.429018706 0.901605904 0.055227339 0.091603778 0.573636413 0.224709049 0.787684619 0.127197951
0.694879711 0.369256228 -0.617083490 0.303349644 -0.429639459 0.901292205 0.055519216 0.090018287 0.576673388 0.226544291 0.784936666 0.125865132
0.709805906 0.366207033 -0.601720750 0.307373196 -0.422991276 0.904663146 0.051605653 0.090787672 0.563252926 0.217892647 0.797037661 0.120592989
0.752586782 0.353056461 -0.555845499 0.285075784 -0.398275971 0.916269302 0.042741332 0.092835993 0.524394274 0.189213350 0.830186009 0.121672630
0.810827196 0.320188254 -0.489937633 0.264237225 -0.351230443 0.935798764 0.030298753 0.096168339 0.468184263 0.147513941 0.871230841 0.096474752
0.859765470 0.284549832 -0.424069256 0.244860962 -0.310121596 0.950652957 0.009140791 0.115157321 0.405743629 0.123654105 0.905583620 0.063324720
0.910305142 0.216482878 -0.352817297 0.289135575 -0.227502599 0.973721087 0.010479286 0.063163757 0.345814258 0.070727475 0.935633540 0.112044178
0.990584552 0.060952771 -0.122585550 0.233091846 -0.055128492 0.997208595 0.050358325 -0.008904118 0.125312835 -0.043126211 0.991179526 -0.251898468
0.984897137 0.072302289 -0.157321513 0.340504706 -0.071468897 0.997382641 0.010955610 0.077539012 0.157701895 0.000453453 0.987486601 0.120433241
0.996435761 0.004812119 -0.084219642 0.352117032 -0.001880246 0.999390602 0.034857143 0.082978383 0.084336065 -0.034574531 0.995837331 0.107192710
0.999119043 -0.040791169 0.009880913 0.351682872 0.040133189 0.997420132 0.059518531 0.080939025 -0.012283254 -0.059069525 0.998178363 0.102633201
0.988167644 -0.115533188 0.100880034 0.356211036 0.106310375 0.990024209 0.092467427 0.080315389 -0.110556714 -0.080648750 0.990592301 0.094663680
0.958003283 -0.233497664 0.166458935 0.342446238 0.212130621 0.967658997 0.136516005 0.059058599 -0.192951724 -0.095471740 0.976552486 0.111833684
0.964714766 -0.212028220 0.156106949 0.325517654 0.193133488 0.972817481 0.127771258 0.062962398 -0.178954720 -0.093113340 0.979441345 0.093736917
0.973264515 -0.196776092 0.118471317 0.320737779 0.183204591 0.976169229 0.116317227 0.060305957 -0.138536498 -0.091502950 0.986121178 0.077124700
0.985149562 -0.154189959 0.075537696 0.320829034 0.146492645 0.984283626 0.098619506 0.060444273 -0.089556627 -0.086089253 0.992254138 0.076743722
0.995188117 -0.094182968 0.027023792 0.319638371 0.091770895 0.992581785 0.079745695 0.061030749 -0.034334011 -0.076881945 0.996448874 0.084422171
0.998710454 -0.042681187 -0.027495114 0.313639104 0.044290401 0.997163653 0.060853004 0.059705913 0.024819855 -0.061992291 0.997767985 0.085306890
0.994637012 0.013489221 -0.102544121 0.314979583 -0.009241909 0.999083996 0.041782130 0.060032859 0.103013799 -0.040610362 0.993850589 0.084919304
0.977529049 0.080967069 -0.194631338 0.330458790 -0.080892511 0.996687949 0.008344520 0.077027589 0.194662333 0.007587202 0.980840981 0.059834920
0.928442061 0.223226830 -0.296925545 0.328247368 -0.226270497 0.973755002 0.024548970 0.071743727 0.294612765 0.044393208 0.954585016 0.126844883
0.912950933 0.245649815 -0.325847149 0.324556261 -0.250285059 0.967757583 0.028330579 0.062769704 0.322300524 0.055690266 0.944997907 0.122552633
0.892016888 0.268032908 -0.363955855 0.330227375 -0.277422845 0.960359395 0.027316662 0.059590016 0.356850266 0.076602764 0.931015491 0.125189289
0.865863919 0.299330980 -0.400849402 0.332552671 -0.312430352 0.949330688 0.034032457 0.050033242 0.390725702 0.095770076 0.915511608 0.143780857
0.841696441 0.315155298 -0.438433498 0.333213478 -0.326024383 0.943896830 0.052597575 0.037137277 0.430412531 0.098668851 0.897223234 0.157883883
0.823516369 0.336055279 -0.457042068 0.318707645 -0.350092679 0.934998691 0.056678012 0.033761781 0.446380734 0.113331825 0.887637436 0.138933986
0.787076414 0.378096938 -0.487394631 0.272393018 -0.408061326 0.911677420 0.048270993 0.070927188 0.462597728 0.160893917 0.871846497 0.046967104
0.757943332 0.398470074 -0.516472161 0.266154319 -0.428802997 0.900994718 0.065852381 0.056153640 0.491578817 0.171552479 0.853768051 0.092990398
0.743835032 0.399588645 -0.535759568 0.285870165 -0.436675191 0.897407055 0.063049406 0.083319947 0.505988300 0.187054515 0.842013359 0.105636954
0.722134531 0.399116635 -0.565002322 0.308658242 -0.440551370 0.895056665 0.069193885 0.071058445 0.533325553 0.198945299 0.822182655 0.187860504
0.700152278 0.409251004 -0.585064530 0.305499494 -0.455758393 0.886938035 0.075000443 0.075593241 0.549609959 0.214136362 0.807511270 0.175093234
0.686592102 0.415483713 -0.596627712 0.301296204 -0.462775916 0.882663488 0.082118332 0.072383218 0.560740352 0.219723150 0.798305690 0.179606870
0.668730438 0.427824497 -0.608083844 0.302446634 -0.480311722 0.872880220 0.085910156 0.071179695 0.567538798 0.234619081 0.789210558 0.181643754
0.656068861 0.433660060 -0.617667198 0.300570756 -0.486077636 0.868874311 0.093732893 0.067480311 0.577323377 0.238738999 0.780833781 0.184107780
0.635713935 0.439801961 -0.634383380 0.297723949 -0.495126545 0.862812459 0.102001160 0.061470535 0.592214227 0.249256507 0.766259372 0.191096008
0.616572022 0.448788434 -0.646860123 0.296618760 -0.506754577 0.855020106 0.110182390 0.063407525 0.602527022 0.259863943 0.754607022 0.182776183
0.614154518 0.451102883 -0.647549629 0.294647276 -0.506992996 0.854336619 0.114310399 0.064464122 0.604791045 0.258098930 0.753400624 0.189021975
0.634142458 0.443451226 -0.633415043 0.290748954 -0.494599789 0.862317085 0.108536914 0.062102828 0.594335318 0.244459078 0.766162515 0.193698600
0.657209039 0.432950854 -0.616952181 0.293259889 -0.483933181 0.869935989 0.094973803 0.065664418 0.577827930 0.236146078 0.781248868 0.197413623
0.692786753 0.412703604 -0.591373384 0.303426981 -0.455932409 0.886021376 0.084211364 0.070536628 0.558723807 0.211285830 0.801988661 0.191638127
0.723124564 0.395880848 -0.566011846 0.308447868 -0.433082253 0.898233056 0.074947022 0.074428521 0.538080573 0.190933689 0.820983231 0.189194798
0.773834825 0.370368004 -0.513816416 0.293220878 -0.399300575 0.914973319 0.058161136 0.085765988 0.491669267 0.160160124 0.855926335 0.154571772
0.805131555 0.351408005 -0.477782011 0.296374232 -0.373807013 0.926091015 0.051220231 0.085025944 0.460468888 0.137359262 0.876983762 0.161983863
0.853793442 0.313600540 -0.415561676 0.290381432 -0.332021147 0.942815661 0.029334018 0.106398441 0.400997192 0.112930067 0.909091771 0.134506866
0.910241723 0.276182294 -0.308517963 0.259020686 -0.288942605 0.957335711 0.004510556 0.159350723 0.296600997 0.085038327 0.951207817 0.030001570
0.947386682 0.243437663 -0.207837954 0.217856452 -0.251924485 0.967630923 -0.014973468 0.206317186 0.197465360 0.066545159 0.978048682 -0.064721100
0.963614881 0.161285117 -0.213151529 0.326877415 -0.158457071 0.986897767 0.030402429 0.049115010 0.215262234 0.004479134 0.976545930 0.168554485
0.963898420 0.159250885 -0.213398829 0.328425348 -0.156491056 0.987227499 0.029875388 0.050142366 0.215430886 0.004598175 0.976508260 0.165023774
0.985152423 0.111646630 -0.130422294 0.316957772 -0.109086402 0.993675351 0.026634932 0.063684613 0.132571116 -0.012012148 0.991100729 0.120406605
0.993647933 0.073536448 -0.085183218 0.353142709 -0.070812695 0.996890426 0.034571230 0.075953722 0.087460570 -0.028319575 0.995765388 0.114942625
0.999971688 0.003191432 0.006815917 0.328619331 -0.003610225 0.998048067 0.062344901 0.066227749 -0.006603628 -0.062367752 0.998031378 0.108541422
0.996360898 -0.053891424 0.066036552 0.335229337 0.048124280 0.995131254 0.086011387 0.074770272 -0.070350282 -0.082520403 0.994103193 0.094703555
0.984791338 -0.121098980 0.124583200 0.337127686 0.107103899 0.987748146 0.113500774 0.071102373 -0.136801645 -0.098431207 0.985695958 0.091569811
0.981884480 -0.148120314 0.118166126 0.416180074 0.130328640 0.980623901 0.146257296 0.077491194 -0.137540236 -0.128207326 0.982163727 0.089530900
0.963054597 -0.195034564 0.185708106 0.220308855 0.168626606 0.974377692 0.148839489 0.143230423 -0.209978640 -0.112025224 0.971266806 0.024780400
0.919875979 -0.337793142 0.199309036 0.189467937 0.298418403 0.932551384 0.203210145 0.109018609 -0.254508972 -0.127450675 0.958635211 -0.065653935
0.911501467 -0.364253193 0.191009834 0.274354219 0.326607972 0.923293173 0.202130526 0.178578809 -0.249984726 -0.121856935 0.960551143 -0.052896533
0.879506469 -0.440343410 0.180460945 0.301059604 0.397385031 0.888206720 0.230594575 0.156568825 -0.261827439 -0.131096974 0.956169426 -0.107604139
0.989715397 0.098504700 -0.103732318 0.350345671 -0.093176782 0.994127929 0.055024341 0.051618565 0.108543351 -0.044792969 0.993081987 0.159730777
0.936300278 0.225917041 -0.268892795 0.331841528 -0.222708434 0.973944902 0.042800892 0.022129076 0.271556288 0.019810196 0.962218583 0.176699370
0.938158929 0.219583511 -0.267658263 0.331875116 -0.216209546 0.975425839 0.042399254 0.022513449 0.270390958 0.018093031 0.962580621 0.175397009
0.932085037 0.220434755 -0.287447631 0.357287169 -0.220021874 0.974896193 0.034169521 0.031929646 0.287763745 0.031395864 0.957186699 0.184173539
0.832809687 0.352264881 -0.427010417 0.295230776 -0.363529533 0.929774165 0.058021571 0.043222319 0.417462140 0.106909983 0.902383268 0.165995181
0.784029305 0.394071281 -0.479589581 0.285799176 -0.413247257 0.907891273 0.070426799 0.041358843 0.463168383 0.142972350 0.874662101 0.173708394
0.734035254 0.428245872 -0.527065516 0.285944700 -0.455621570 0.886067331 0.085402042 0.041341819 0.503588736 0.177454248 0.845522463 0.174273476
0.681760192 0.453630477 -0.573953509 0.283503413 -0.493802875 0.864205062 0.096479230 0.041735180 0.539779484 0.217644155 0.813184500 0.177267686
0.645667791 0.473492891 -0.599097610 0.271890283 -0.520072937 0.847134531 0.109027311 0.040701203 0.559139967 0.241178930 0.793218136 0.186634213
0.624660194 0.485278934 -0.611803889 0.252216011 -0.529727876 0.838965237 0.124602251 0.017976115 0.573748946 0.246255517 0.781133950 0.193651587
0.565366149 0.492262274 -0.661845207 0.277930081 -0.553977251 0.821100473 0.137489706 0.039397284 0.611122310 0.288915068 0.736924410 0.275924176
0.545093238 0.500980616 -0.672228932 0.278579384 -0.567508698 0.810680330 0.143983617 0.039934326 0.617095709 0.303011268 0.726207256 0.274189502
0.544881225 0.503695309 -0.670369625 0.278470755 -0.565027118 0.811266541 0.150302991 0.039782979 0.619555414 0.296879679 0.726645291 0.274545610
0.584684312 0.489317447 -0.647079885 0.286180198 -0.542460263 0.828892946 0.136650637 0.030458501 0.603225648 0.271117657 0.750076056 0.240258753
0.587592065 0.487418681 -0.645878077 0.287822664 -0.540379405 0.830499649 0.135131478 0.030390212 0.602267146 0.269617021 0.751385927 0.237616509
0.633586764 0.474846721 -0.610809624 0.280410647 -0.533910453 0.839726865 0.098987795 0.084769346 0.559917152 0.263400465 0.785565376 0.145717531
0.692426980 0.448662996 -0.565018833 0.286639929 -0.494979471 0.865175664 0.080413550 0.089457490 0.524919212 0.223992199 0.821149945 0.125027731
0.732535660 0.423182487 -0.533205390 0.287197739 -0.461166441 0.884661555 0.068551958 0.088857077 0.500716329 0.195679694 0.843203723 0.125028133
0.780944943 0.392772913 -0.485648423 0.288767517 -0.424451768 0.904140174 0.048694395 0.091043420 0.458220154 0.168106675 0.872796893 0.118514605
0.833326697 0.351103216 -0.426958233 0.304455549 -0.370413572 0.927998245 0.040162325 0.070204459 0.410317630 0.124682799 0.903378904 0.132996425
0.885911405 0.299588472 -0.354129642 0.310522169 -0.308295697 0.950716734 0.033041839 0.055674076 0.346575886 0.079904512 0.934612453 0.143895373
0.930755913 0.245520309 -0.270948678 0.298477441 -0.250929266 0.967888176 0.015066698 0.099373750 0.265947223 0.053965509 0.962475836 0.092676260
0.982058227 0.141549453 -0.124602005 0.317817599 -0.138949543 0.989864230 0.029359402 0.060284045 0.127494887 -0.011519235 0.991772234 0.087062791
0.982240498 0.139685377 -0.125266671 0.318498969 -0.137026191 0.990123808 0.029642301 0.060221605 0.128170118 -0.011951051 0.991680086 0.085919268
0.991872072 0.065059394 -0.109348863 0.328333855 -0.058972590 0.996572793 0.058008417 0.038214605 0.112748101 -0.051088344 0.992309272 0.064004183
0.997487664 -0.058092780 0.040544100 0.329955220 0.057016920 0.998002529 0.027206447 0.121422850 -0.042043589 -0.024826396 0.998807132 0.088125452
0.997170269 -0.039822612 0.063761935 0.347545266 0.035074331 0.996646404 0.073930837 0.065959312 -0.066492222 -0.071485229 0.995222867 0.098135799
0.990351975 -0.084706627 0.109672695 0.337211430 0.074916311 0.993073821 0.090509698 0.065989070 -0.116579860 -0.081420146 0.989838302 0.086829543
0.979527235 -0.124031141 0.158564359 0.344906688 0.107304655 0.988117218 0.110046558 0.070547089 -0.170329347 -0.090778917 0.981196761 0.082780540
0.965065062 -0.176236168 0.193881899 0.343747914 0.153535888 0.980003238 0.126571402 0.070700772 -0.212311357 -0.092381805 0.972825527 0.078231528
0.953943789 -0.211143747 0.213095054 0.344693244 0.180882260 0.971545458 0.152909040 0.068953693 -0.239317268 -0.107321508 0.964991868 0.071104236
0.943002403 -0.246210486 0.223890364 0.357184321 0.209669128 0.962017238 0.174819022 0.063961014 -0.258428603 -0.117911868 0.958807230 0.054399185
0.985843897 -0.063343279 0.155239999 0.343555093 0.054328170 0.996618390 0.061646588 0.021711584 -0.158619925 -0.052339997 0.985951483 -0.010926273
0.991108775 -0.072268039 0.111717694 0.329567015 0.060416009 0.992522657 0.106060155 0.036404073 -0.118547030 -0.098367617 0.988063991 0.129393324
0.990813076 -0.073298067 0.113652393 0.326386333 0.061412267 0.992598414 0.104770876 0.040783152 -0.120490663 -0.096828699 0.987980843 0.118920356
0.999412715 0.001530824 0.034230251 0.313834578 -0.004491418 0.996234655 0.086582005 0.045020148 -0.033968735 -0.086684965 0.995656431 0.121289089
0.994671941 0.092628993 -0.045250755 0.264455497 -0.089727983 0.994009018 0.062409885 0.070534058 0.050760590 -0.058017071 0.997024238 0.107876435
0.971434474 0.183964193 -0.149907276 0.263070136 -0.178993151 0.982768774 0.046122186 0.071429625 0.155808985 -0.017972276 0.987623692 0.066437200
0.935103118 0.247688293 -0.253441811 0.313549817 -0.242066756 0.968775272 0.053649392 0.051796522 0.258816481 0.011182119 0.965861738 0.127789959
0.879227817 0.311785907 -0.360205472 0.329001695 -0.314815193 0.947732806 0.051902246 0.070561774 0.357560933 0.067764252 0.931427956 0.128526464
0.829180181 0.362465024 -0.425534129 0.303182572 -0.368344128 0.926913440 0.071792252 0.051385675 0.420455486 0.097214282 0.902090132 0.148486093
0.766315043 0.409403294 -0.495126545 0.279950410 -0.424592346 0.901103377 0.087943695 0.043462180 0.482164681 0.142834365 0.864358544 0.170213088
0.643298805 0.478904217 -0.597342014 0.263950855 -0.512917817 0.848819971 0.128140971 0.011186290 0.568403065 0.223954409 0.791683197 0.196014613
0.634403765 0.477636695 -0.607778966 0.274888039 -0.517212749 0.846611679 0.125458583 0.041850567 0.574476421 0.234759703 0.784133017 0.265572846
0.581886053 0.496872336 -0.643837333 0.272707045 -0.543017507 0.826712549 0.147236288 0.037578981 0.605425954 0.263940156 0.750862837 0.275796920
0.504862428 0.517546237 -0.690839946 0.271508962 -0.585973680 0.793151975 0.165967122 0.036211073 0.633836627 0.321023315 0.703701138 0.279724538
0.503869236 0.519660413 -0.689977467 0.271441877 -0.591169238 0.789867818 0.163180739 0.037790719 0.629789472 0.325671613 0.705197334 0.277540177
0.491218150 0.513212442 -0.703788042 0.275866628 -0.596651137 0.786915600 0.157389611 0.039566979 0.634595931 0.342603326 0.692755759 0.275765836
0.453990817 0.563783526 -0.689956784 0.092658646 -0.640071809 0.745050967 0.187635913 0.036093839 0.619838893 0.356436908 0.699108183 0.186482966
0.417275667 0.521869540 -0.743998051 0.251574963 -0.632580042 0.754579663 0.174505532 0.027808033 0.652474821 0.397821397 0.644991875 0.307688475
0.399438202 0.528911591 -0.748800337 0.252467096 -0.641072392 0.745029449 0.184275717 0.029369052 0.655343652 0.406428546 0.636663496 0.306872874
0.394984007 0.532609284 -0.748542070 0.264831036 -0.641503513 0.743149400 0.190269172 0.031227551 0.657617509 0.405039191 0.635202408 0.294323653
0.411115050 0.530573010 -0.741266906 0.281979531 -0.623269796 0.757003665 0.196164161 0.034131546 0.665221095 0.381363332 0.641905546 0.278431684
0.423404068 0.531007171 -0.734002948 0.288671970 -0.610615194 0.765791118 0.201775134 0.035630658 0.669236839 0.362760991 0.648479939 0.274554819
0.438956618 0.528387547 -0.726721168 0.292745769 -0.607147992 0.770644903 0.193592101 0.041071717 0.662335455 0.356248796 0.659089088 0.274401873
0.477826953 0.521293819 -0.707060277 0.289396226 -0.587100565 0.788235903 0.184383094 0.039560951 0.653448045 0.327012300 0.682692111 0.274945557
0.506353140 0.512811601 -0.693275452 0.288442522 -0.570321262 0.802167416 0.176808283 0.038952246 0.646792293 0.305862248 0.698647261 0.276248515
0.536795616 0.507251978 -0.674200237 0.281328261 -0.559845865 0.811969876 0.165159509 0.038733296 0.631207645 0.288791239 0.719844759 0.276541770
0.592593551 0.495541155 -0.635037005 0.268590122 -0.534341395 0.831774652 0.150434151 0.043269627 0.602753937 0.250180244 0.757692218 0.267889738
0.633429050 0.477398247 -0.608981609 0.278494239 -0.507830083 0.850277007 0.138339549 0.042691939 0.583845973 0.221630946 0.781027079 0.261178970
0.675017715 0.457960129 -0.578466713 0.281325072 -0.479450077 0.868204176 0.127864718 0.044367619 0.560784161 0.191035092 0.805621803 0.259289533
0.737938762 0.435382783 -0.515643537 0.254498303 -0.439796180 0.889786899 0.121896505 0.013855076 0.511884451 0.136825919 0.848087788 0.187072560
0.769943416 0.399843872 -0.497304738 0.333957613 -0.413292497 0.906260133 0.088780031 0.056253739 0.486185610 0.137176707 0.863021493 0.150473043
0.808053613 0.374584258 -0.454682261 0.329662174 -0.381521165 0.920840323 0.080589816 0.054907247 0.448877394 0.108349986 0.887000144 0.153589919
0.856960297 0.324252516 -0.400598615 0.338925868 -0.323682368 0.943479300 0.071249835 0.058125161 0.401059419 0.068608418 0.913479209 0.141277432
0.885566413 0.291576564 -0.361600876 0.353712112 -0.289401203 0.955230176 0.061500754 0.061034430 0.363344193 0.050184727 0.930302322 0.133653820
0.918567598 0.246895552 -0.308668375 0.364508748 -0.240109250 0.968863368 0.060425632 0.062633559 0.313976288 0.018609097 0.949248374 0.136771470
0.946936786 0.212125897 -0.241481110 0.291797876 -0.195541933 0.976466715 0.090972207 0.010799698 0.255095840 -0.038925260 0.966131985 0.197935492
0.970621705 0.154822111 -0.184183598 0.331156731 -0.143945202 0.987027347 0.071110606 0.048208319 0.192803755 -0.042509142 0.980316162 0.148444787
0.982787371 0.118308336 -0.141888231 0.338093340 -0.108269431 0.991171837 0.076525763 0.049751058 0.149689183 -0.059846379 0.986920238 0.154541746
0.990221798 0.110863201 -0.084677517 0.293538868 -0.103827268 0.991091132 0.083416462 0.065681227 0.093170948 -0.073808953 0.992910504 0.184666440
0.997132838 0.066447698 -0.036206208 0.300170302 -0.062911637 0.993831813 0.091326252 0.067768998 0.042051304 -0.088786609 0.995162547 0.178579867
0.999353528 0.035906188 -0.001833342 0.310689867 -0.035589140 0.995189965 0.091271363 0.076524004 0.005101733 -0.091147080 0.995824337 0.148688018
0.999555945 -0.002003093 0.029724255 0.389561683 -0.001301871 0.993847132 0.110753432 0.080730781 -0.029763192 -0.110742986 0.993403196 0.220154420
0.993878186 -0.062362790 0.091196939 0.392717481 0.051144149 0.991387784 0.120559409 0.084308520 -0.097929955 -0.115157217 0.988508105 0.204625487
0.980945885 -0.099760331 0.166712463 0.310499609 0.073187523 0.984632730 0.158562183 0.015627503 -0.179968745 -0.143339664 0.973172605 0.126560062
0.956387281 -0.168886110 0.238329053 0.288860261 0.124963313 0.974039018 0.188765377 0.009266339 -0.264021635 -0.150750458 0.952663064 0.103861354
0.936361313 -0.214290544 0.278041422 0.295366436 0.161489934 0.966223419 0.200831920 0.014794111 -0.311686456 -0.143150330 0.939339995 0.113140583
0.913280606 -0.258807629 0.314542532 0.306676149 0.192482963 0.954755008 0.226700485 0.018749639 -0.358982921 -0.146497071 0.921775401 0.106349811
0.892952859 -0.304846138 0.331216037 0.319296151 0.222813860 0.938653052 0.263219357 0.035095438 -0.391138345 -0.161242932 0.906096876 0.104166344
0.868800819 -0.332022041 0.367350578 0.286916345 0.238330200 0.930688322 0.277521163 0.054297667 -0.434032023 -0.153559893 0.887713730 0.071891621
0.848819911 -0.353113204 0.393466264 0.261212438 0.245751366 0.922480822 0.297716737 0.024817012 -0.468092889 -0.156012997 0.869798303 0.067433603
0.833991647 -0.370024741 0.409316182 0.254797578 0.252227366 0.915430725 0.313636571 0.011569522 -0.490753949 -0.158329517 0.856791973 0.076838911
0.833881617 -0.369152516 0.410326660 0.257248640 0.246633500 0.914287627 0.321325541 -0.008888334 -0.493774652 -0.166747123 0.853452981 0.091503084
0.845542312 -0.355781913 0.398092389 0.249764234 0.238204956 0.918679953 0.315096051 -0.005624518 -0.477824956 -0.171599433 0.861531734 0.077640541
0.864748359 -0.322543830 0.384936064 0.276018083 0.223965928 0.933732212 0.279255092 0.021668687 -0.449499220 -0.155272782 0.879682302 0.114995405
0.883474708 -0.301861137 0.358262777 0.301972270 0.217333794 0.941553056 0.257379085 0.049387027 -0.415016085 -0.149525315 0.897442937 0.118002824
0.899312854 -0.283294678 0.333137393 0.310596436 0.208872274 0.947547257 0.241922855 0.045946892 -0.384198844 -0.147981167 0.911313832 0.126287237
0.926512122 -0.248991027 0.282096773 0.351293743 0.195400462 0.959105730 0.204779997 0.063396454 -0.321548969 -0.134609327 0.937276125 0.127415150
0.948966742 -0.200044647 0.243812323 0.352003336 0.157037720 0.970153332 0.184775025 0.047948875 -0.273498535 -0.137057573 0.952057600 0.153657660
0.968464255 -0.149109438 0.199607790 0.354524285 0.118830942 0.980588973 0.155963391 0.055953696 -0.218988806 -0.127325371 0.967384279 0.168028384
0.989957631 -0.078414559 0.117621802 0.361319631 0.063006416 0.989584565 0.129432902 0.058500171 -0.126546130 -0.120722160 0.984587312 0.171641871
0.996625602 -0.028272677 0.077059768 0.318493813 0.019755751 0.993831694 0.109125614 0.068006232 -0.079669714 -0.107234970 0.991036475 0.103999913
0.998701394 0.018636949 0.047415301 0.278759599 -0.023587778 0.994076073 0.106096566 0.056999996 -0.045157105 -0.107077211 0.993224621 0.111999080
0.997539937 0.069419451 0.009755537 0.259467840 -0.070040636 0.992775798 0.097419873 0.055240497 -0.002922237 -0.097863466 0.995195508 0.089087829
0.991937757 0.122097455 -0.033935808 0.266951025 -0.118505411 0.988592505 0.092959434 0.046270609 0.044898801 -0.088188365 0.995091319 0.095784210
0.981713772 0.153845400 -0.112113103 0.375516057 -0.148326904 0.987348557 0.056054521 0.105083592 0.119318455 -0.038400143 0.992113113 0.170954525
0.965864539 0.181230515 -0.185097694 0.413077801 -0.177245513 0.983432949 0.037995476 0.109675109 0.188917100 -0.003890747 0.981985271 0.043785498
0.940910697 0.254357934 -0.223582715 0.335011542 -0.244272560 0.967019200 0.072144717 0.032060649 0.234559387 -0.013266593 0.972011209 0.110352606
0.910275578 0.297764540 -0.287636578 0.341322482 -0.292237222 0.954266429 0.063032009 0.039731901 0.293250650 0.026681634 0.955663145 0.101152785
0.877734065 0.343422234 -0.334131658 0.327756912 -0.345254719 0.936840713 0.055936158 0.050355814 0.332237840 0.066263452 0.940865159 0.010526508
0.861289322 0.340283930 -0.377342671 0.366383910 -0.358230054 0.933324814 0.023998704 0.099729046 0.360349625 0.114505634 0.925762713 0.028474338
0.815192401 0.393911600 -0.424611717 0.296285093 -0.406229824 0.911412239 0.065613590 0.029982127 0.412842304 0.119002290 0.902994871 0.156277463
0.767402709 0.431170374 -0.474536955 0.282758057 -0.449445367 0.889585614 0.081463419 0.024199156 0.457265884 0.150763184 0.876457870 0.165297762
0.725337505 0.456526220 -0.515237272 0.266394705 -0.480453104 0.871745884 0.096041583 0.004371600 0.493001491 0.177884802 0.851649404 0.196185723
0.668840885 0.486101896 -0.562456191 0.247785181 -0.513638914 0.849133790 0.123072542 -0.012042387 0.537426353 0.206583425 0.817616165 0.229545951
0.612845659 0.507493079 -0.605698884 0.316786468 -0.560801029 0.819342673 0.119079374 0.086517565 0.556706905 0.266699255 0.786733031 0.201860681
0.583775878 0.512444496 -0.629767001 0.236421257 -0.563002944 0.814377069 0.140774965 0.041140765 0.585007131 0.272379607 0.763921440 0.254476398
0.531239212 0.496059209 -0.686811626 0.211987749 -0.586943805 0.800093353 0.123885699 0.037475467 0.610967994 0.337306857 0.716199815 0.302854419
0.486307263 0.494908571 -0.720118582 0.191734403 -0.619039834 0.776775479 0.115799390 0.024696197 0.616680503 0.389468044 0.684119701 0.318079859
0.456103921 0.498811603 -0.736991346 0.169775426 -0.632457376 0.764297962 0.125882566 0.005692287 0.626072645 0.408700109 0.664076269 0.331529379
0.453282088 0.492463708 -0.742977083 0.160502881 -0.632485330 0.765029907 0.121208638 0.002407268 0.628090560 0.414980322 0.658250391 0.337305635
0.469737887 0.496036500 -0.730270028 0.152483508 -0.630309463 0.767632484 0.115975581 -0.000969051 0.618107080 0.405817866 0.673242509 0.341805637
0.471073091 0.495611578 -0.729698241 0.151671752 -0.628913522 0.768753588 0.116128750 -0.002056278 0.618512809 0.404211819 0.673835814 0.342698157
0.296640396 0.620080233 -0.726295352 -0.056334242 -0.745836854 0.625409365 0.229326457 -0.112345181 0.596432567 0.473670453 0.648000300 0.456122577
0.350937754 0.619801879 -0.701917589 -0.032671362 -0.725239277 0.654078901 0.214961961 -0.098476931 0.592343390 0.433619857 0.679045737 0.446538568
0.452037245 0.627176702 -0.634280324 -0.123216301 -0.676123559 0.704727948 0.214977458 -0.149654925 0.581823945 0.331674010 0.742612362 0.379098177
0.536709905 0.620980501 -0.571249187 -0.105669014 -0.640812159 0.740422726 0.202815041 -0.155623510 0.548910081 0.257210523 0.795324087 0.346679151
0.633410752 0.586692333 -0.504562259 -0.066482335 -0.598912060 0.784579515 0.160435036 -0.130997896 0.489995152 0.200567126 0.848338187 0.247005224
0.724209011 0.546929061 -0.419987857 -0.064946949 -0.552160442 0.824772537 0.121938057 -0.112787992 0.413085878 0.143592045 0.899300456 0.199497074
0.775428236 0.514617383 -0.365896225 -0.050202839 -0.516983986 0.850128293 0.100047141 -0.110854827 0.362544686 0.111583121 0.925262332 0.195985302
0.837075472 0.465872526 -0.286823034 -0.048792507 -0.462496161 0.882645488 0.083871059 -0.111443311 0.292236269 0.062448159 0.954304993 0.194302008
0.871962726 0.426069587 -0.241134346 -0.035603113 -0.421907634 0.903826714 0.071351826 -0.112567589 0.248344541 0.039520312 0.967865288 0.207310125
0.960341811 0.272119910 -0.060781587 -0.004559277 -0.268958628 0.961557567 0.055391878 -0.122138403 0.073518232 -0.036847398 0.996612906 0.225110710
0.960864246 0.269328982 -0.064821504 0.000799623 -0.265573174 0.962156236 0.061042089 -0.132705733 0.078808829 -0.041438315 0.996028125 0.242183462
0.979938090 0.195703849 0.037701175 0.014888566 -0.197426528 0.979081154 0.049224555 -0.112552956 -0.027279058 -0.055680227 0.998075962 0.209801659
0.984009266 0.111507401 0.138895288 0.029210953 -0.122295983 0.989900351 0.071702957 -0.103478760 -0.129497066 -0.087542720 0.987707853 0.191275433
0.967208862 0.012046026 0.253696620 -0.004765075 -0.050194941 0.988239229 0.144442722 -0.149223283 -0.248972952 -0.152440593 0.956438363 0.184064865
0.947668254 -0.041923601 0.316492558 0.039703958 0.002511229 0.992288768 0.123922370 -0.061172806 -0.319247246 -0.116642468 0.940465689 0.133081004
0.916284502 -0.088008732 0.390739322 0.051656637 0.040041048 0.990800977 0.129267991 -0.003335998 -0.398521692 -0.102800637 0.911379457 0.045229353
0.902412951 -0.118139356 0.414359748 0.051157314 0.060740978 0.986953557 0.149108589 -0.002464998 -0.426569402 -0.109388895 0.897815526 0.043231122
0.903627753 -0.143062532 0.403720230 0.076867640 0.080248602 0.982426703 0.168516830 -0.013130132 -0.420734107 -0.119878508 0.899228573 0.077780753
0.892105639 -0.172625870 0.417549878 0.034961134 0.083809145 0.971321702 0.222509071 -0.094464764 -0.443986058 -0.163507089 0.880989134 0.079239964
0.943870246 -0.209764615 0.255162358 0.575679123 0.152995378 0.962248206 0.225102663 -0.145473242 -0.292748004 -0.173429087 0.940330207 0.348847032
0.947334707 -0.205435216 0.245669261 0.560093105 0.148580700 0.961518049 0.231099337 -0.152479857 -0.283691347 -0.182426691 0.941403031 0.338525712
0.952275336 -0.207767561 0.223616496 0.540830135 0.151472613 0.957680106 0.244754717 -0.161064416 -0.265005112 -0.199202135 0.943446159 0.327769876
0.999949038 0.005392858 0.008539771 0.768080235 -0.006648175 0.987960875 0.154561326 0.107171953 -0.007603372 -0.154610276 0.987946272 0.171569094
0.990513086 0.118532367 -0.069525503 0.426158905 -0.113889970 0.991209388 0.067326292 -0.015545657 0.076894738 -0.058769319 0.995305598 0.104872167
0.991589308 0.122586489 -0.041512746 0.265800238 -0.120429344 0.991411150 0.051000219 -0.032336045 0.047408134 -0.045571923 0.997835517 0.074039109
0.981113911 0.138689995 -0.134835601 0.330888301 -0.134754494 0.990152717 0.037933435 0.013316764 0.138768807 -0.019047327 0.990141630 0.084736004
0.977703571 0.147119775 -0.149838209 0.349399894 -0.142219961 0.988902092 0.042967074 0.059924491 0.154496580 -0.020699136 0.987776518 0.092446208
0.958149910 0.190412745 -0.213755801 0.350900948 -0.183401570 0.981642962 0.052354485 0.036856655 0.219800755 -0.010960294 0.975483179 0.136698037
0.936344445 0.231794506 -0.263686329 0.360340834 -0.226437718 0.972691059 0.050972287 0.041383419 0.268300414 0.011980920 0.963260651 0.145278454
0.907433867 0.278157562 -0.314947993 0.337278903 -0.276144981 0.959710062 0.051968172 0.044841968 0.316714048 0.039813615 0.947685122 0.123472437
0.870910525 0.324604690 -0.368980885 0.322911173 -0.327381194 0.943170607 0.057016462 0.029276503 0.366519779 0.071141161 0.927686512 0.130667835
0.828086019 0.365056515 -0.425449401 0.308981210 -0.373421282 0.925233722 0.067076616 0.022353729 0.418126911 0.103326604 0.902493060 0.142098010
0.764279187 0.414586008 -0.493959248 0.309776157 -0.431860000 0.897887468 0.085412040 0.022281757 0.478930503 0.148042545 0.865279913 0.142370582
0.709451377 0.457915813 -0.535716176 0.288470358 -0.478829622 0.870945692 0.110344715 0.014287157 0.517108321 0.178232566 0.837157190 0.152928144
0.674943328 0.464454234 -0.573352993 0.301280439 -0.500088036 0.859290481 0.107385866 0.026362380 0.542552590 0.214247614 0.812240362 0.164208889
0.650149286 0.482463300 -0.586971104 0.283478171 -0.520982921 0.845396698 0.117818750 0.017979749 0.553066671 0.229202151 0.800989091 0.162354007
0.642488003 0.487395674 -0.591316044 0.281710714 -0.526698053 0.841364682 0.121221676 0.023178764 0.556595385 0.233561486 0.797276914 0.162442982
0.651158929 0.482576549 -0.585757613 0.282987922 -0.517697453 0.846800983 0.122137561 0.022389531 0.554960787 0.223714247 0.801230550 0.169109121
0.678652287 0.477968723 -0.557653010 0.262114435 -0.501551449 0.856262922 0.123531535 0.011461684 0.536541760 0.195856735 0.820830643 0.170889363
0.738924205 0.449445575 -0.501985729 0.255227923 -0.463811010 0.879702151 0.104897320 0.034309749 0.488743544 0.155315325 0.858491004 0.107399195
0.795875490 0.418503970 -0.437534839 0.234499842 -0.422911078 0.901395202 0.092913471 0.048634861 0.433276415 0.111090779 0.894388199 0.068952136
0.853912473 0.386164814 -0.348870099 0.212109968 -0.381926417 0.920373023 0.083939485 0.066550769 0.353505045 0.061565731 0.933404446 -0.004749462
0.907859683 0.347540408 -0.234534532 0.241083443 -0.338279724 0.937640905 0.079978108 0.039188668 0.247704774 0.006729341 0.968812227 -0.263713032
0.956026852 0.267604142 -0.120002925 0.277318507 -0.260060102 0.962680221 0.074937597 0.051523432 0.135578036 -0.040434375 0.989941239 -0.378068775
0.983838677 0.178746507 -0.010546574 0.279170662 -0.177315518 0.980772018 0.081519321 0.045947637 0.024915073 -0.078331776 0.996615946 -0.425984234
0.994225204 0.079436086 0.072152741 0.281790257 -0.086324073 0.991437197 0.097982295 0.050044630 -0.063751541 -0.103644997 0.992569089 -0.442803055
0.987729192 -0.002541624 0.156155884 0.291028023 -0.015027240 0.993681610 0.111224830 0.065358415 -0.155451939 -0.112206593 0.981450140 -0.480586916
0.972410977 -0.090508528 0.215000153 0.301600873 0.059005927 0.987124205 0.148674920 0.049487136 -0.225688159 -0.131886840 0.965230882 -0.459356397
0.929830015 -0.177244991 0.322490811 0.192234978 0.118792333 0.974016786 0.192820787 0.030451395 -0.348287940 -0.140981123 0.926725388 -0.541430056
0.882926166 -0.267305911 0.385991007 0.193930328 0.177065849 0.950979769 0.253545761 0.010765508 -0.434843779 -0.155516356 0.886975527 -0.561030567
0.825778782 -0.352920592 0.439927846 0.232143775 0.226330936 0.921823442 0.314667761 0.030808732 -0.516588569 -0.160276711 0.841099024 -0.576091170
0.747745037 -0.448816448 0.489327222 0.207952335 0.261502355 0.876451969 0.404287726 -0.012378618 -0.610322714 -0.174343899 0.772729158 -0.533614635
0.265938938 -0.296041161 0.917407274 -0.357703030 0.274729192 0.935486436 0.222236380 0.379754901 -0.924013078 0.192937210 0.330113471 0.141379833
0.264200270 -0.734589338 0.624961376 0.060565203 0.947999477 0.317026883 -0.028125267 0.610072732 -0.177469090 0.599893749 0.780148864 -0.608557224
0.312959909 -0.496326029 0.809763372 -0.519558311 0.182758406 0.868128896 0.461466759 0.244470254 -0.932016909 0.003570465 0.362397283 -0.303977489
0.876291692 -0.387027353 0.286919355 0.686845660 0.298214436 0.903471053 0.307909399 0.163684815 -0.378392667 -0.184254974 0.907121360 -0.065244034
0.918191254 -0.322157234 0.230520263 0.695708334 0.261990696 0.930328250 0.256612897 0.170829356 -0.297129303 -0.175225452 0.938621461 -0.068353325
0.952712417 -0.256910831 0.162283286 0.705621243 0.221863583 0.953018248 0.206235051 0.173855156 -0.207642838 -0.160477936 0.964951396 -0.067989722
0.958891511 -0.137636751 0.248159781 0.237427250 0.102940194 0.983645976 0.147797406 0.165592819 -0.264443636 -0.116176061 0.957378030 -0.038950998
0.992806435 -0.076084614 0.092446581 0.394293308 0.057859499 0.980864465 0.185895741 -0.007990863 -0.104821369 -0.179209545 0.978210807 0.086882211
0.998107433 -0.012044596 0.060304195 0.331144035 0.003798534 0.990834415 0.135028780 0.063656971 -0.061377820 -0.134544119 0.989004970 0.078504130
0.995899916 0.087050728 -0.024606876 0.326054066 -0.084174223 0.991377950 0.100421369 0.063731804 0.033136465 -0.097938359 0.994640708 0.070466734
0.977439523 0.167644516 -0.128480867 0.349309295 -0.156929359 0.983547330 0.089486934 0.054766137 0.141369000 -0.067305639 0.987666368 0.090646833
0.911943793 0.281130135 -0.298872352 0.343239069 -0.267464578 0.959669054 0.086589962 0.042893343 0.311161637 0.000972571 0.950356543 0.127821624
0.912171781 0.280070126 -0.299171448 0.345007211 -0.266368717 0.959979117 0.086530738 0.043098066 0.311433017 0.000759015 0.950267792 0.125126451
0.890731514 0.300756902 -0.340797067 0.368463010 -0.291320622 0.953285575 0.079867750 0.048794728 0.348897696 0.028140491 0.936738253 0.115952380
0.849445760 0.338077515 -0.405148804 0.384565532 -0.334497392 0.938815236 0.082080908 0.037884258 0.408109576 0.065797925 0.910558760 0.146891907
0.789515913 0.388139158 -0.475407809 0.387542993 -0.392613322 0.914798975 0.094855316 0.029257705 0.471719682 0.111761577 0.874637008 0.188659042
0.723624647 0.426831573 -0.542385697 0.378104627 -0.443132460 0.889801741 0.109025680 0.013535467 0.529151380 0.161455065 0.833025336 0.237105489
0.630599499 0.452950358 -0.630222440 0.379266202 -0.495480627 0.859966934 0.122294262 -0.006441606 0.597363651 0.235144213 0.766722798 0.278210968
0.563528597 0.465703756 -0.682316303 0.371261835 -0.529131830 0.837765574 0.134790376 -0.005250269 0.634393454 0.285077006 0.718523502 0.280561745
0.526616335 0.485443980 -0.697867692 0.343744874 -0.553002298 0.819108188 0.152480394 -0.012708263 0.645649850 0.305623800 0.699807405 0.245770127
0.524176180 0.496009976 -0.692252576 0.299197108 -0.558248639 0.813994944 0.160532311 -0.016904619 0.643115640 0.302301973 0.703573585 0.201886699
0.544131696 0.502310634 -0.672015488 0.297108859 -0.555839002 0.815801263 0.159722582 -0.005004515 0.628461421 0.286622286 0.723107159 0.166882932
0.586846471 0.524217010 -0.617096245 0.228618234 -0.552578270 0.816354871 0.167994112 -0.034136631 0.591834903 0.242407218 0.768745899 0.083629914
0.742832184 0.408413738 -0.530470252 0.324136317 -0.411955297 0.903440356 0.118694380 -0.002182737 0.527724624 0.130359977 0.839352787 0.120558515
0.848915040 0.335252285 -0.408594191 0.286963046 -0.326989412 0.940507829 0.092319354 0.061127312 0.415236354 0.055234820 0.908035159 0.159480408
0.929292500 0.234854952 -0.285058916 0.287741035 -0.223051846 0.972018182 0.073678583 0.096879385 0.294386297 -0.004885878 0.955673933 0.094245210
0.979831934 0.120012879 -0.159770668 0.354147732 -0.103742823 0.988877714 0.106574968 0.032555647 0.170784086 -0.087850541 0.981384158 0.111644849
0.999309897 0.014262373 -0.034303635 0.376056969 -0.010146979 0.993046522 0.117283612 0.020561790 0.035737962 -0.116854623 0.992505789 -0.002961855
0.996992230 0.032899011 0.070171885 0.263027787 -0.041042477 0.992169619 0.117962144 0.058421098 -0.065741561 -0.120487362 0.990535557 -0.466745347
0.991078436 -0.026708053 0.130576998 0.262772560 0.008572947 0.990462124 0.137519196 0.054599170 -0.133004427 -0.135172889 0.981854379 -0.488230675
0.960243046 -0.138772815 0.242230102 0.246996492 0.102244653 0.982227862 0.157399088 0.064035505 -0.259767890 -0.126374632 0.957366168 -0.527891159
