1.000000000 0.000000000 0.000000000 0.000000000 0.000000000 1.000000000 0.000000000 0.000000000 0.000000000 0.000000000 1.000000000 0.000000000
0.999760866 -0.002766617 -0.021692647 -0.017561808 0.002774884 0.999996066 0.000351011 -0.002787018 0.021691592 -0.000411122 0.999764621 0.269969225
0.999051273 -0.004229446 -0.043343779 -0.046286933 0.004233766 0.999991059 0.000007874 -0.005653208 0.043343358 -0.000191374 0.999060214 0.544968963
0.997812927 -0.007323843 -0.065693907 -0.080461927 0.007377740 0.999972641 0.000577851 -0.012160825 0.065687880 -0.001061259 0.997839630 0.821041822
0.996023655 -0.009486758 -0.088582516 -0.129288793 0.009383176 0.999954700 -0.001585678 -0.006656419 0.088593557 0.000748187 0.996067584 1.100162506
0.993485272 -0.016883934 -0.112703115 -0.168393284 0.016596766 0.999856174 -0.003485782 -0.011831180 0.112745754 0.001592565 0.993622601 1.394508243
0.990636289 -0.023271808 -0.134529918 -0.218234181 0.022826532 0.999727726 -0.004851571 -0.014821531 0.134606168 0.001735291 0.990897655 1.695578218
0.987430573 -0.020766074 -0.156683326 -0.294897079 0.020577502 0.999784172 -0.002825704 -0.024682052 0.156708196 -0.000433965 0.987644851 1.993812442
0.983381450 -0.018280925 -0.180628777 -0.371040791 0.018205142 0.999832094 -0.002077492 -0.037004404 0.180636406 -0.001245406 0.983549178 2.291592836
0.978919387 -0.020889537 -0.203175902 -0.453480989 0.020466436 0.999781787 -0.004183501 -0.044940375 0.203218967 -0.000062976 0.979133308 2.601301908
0.974035442 -0.026593367 -0.224828243 -0.531666338 0.025445700 0.999644160 -0.008001181 -0.051587321 0.224961028 0.002072523 0.974365532 2.908020258
0.968595386 -0.033514570 -0.246373117 -0.616731167 0.030929584 0.999418437 -0.014355605 -0.051655583 0.246710971 0.006284553 0.969068706 3.228670835
0.962982416 -0.037406724 -0.266956061 -0.711391687 0.033350274 0.999249279 -0.019714553 -0.057627533 0.267493129 0.010081708 0.963506997 3.542675018
0.957886219 -0.040879324 -0.284223258 -0.826019406 0.035334364 0.999072552 -0.024611302 -0.065277502 0.284965664 0.013531977 0.958442152 3.854425430
0.952181458 -0.042008933 -0.302631348 -0.945206881 0.035231698 0.998991907 -0.027821362 -0.075687468 0.303494990 0.015828770 0.952701569 4.179393768
0.945702076 -0.047005132 -0.321617842 -1.070598722 0.039172318 0.998758078 -0.030786294 -0.085261352 0.322665513 0.016516147 0.946368873 4.517102718
0.938780725 -0.055165224 -0.340069830 -1.193166018 0.047044653 0.998377323 -0.032084879 -0.100558199 0.341288000 0.014122198 0.939852655 4.853124619
0.930746853 -0.064732887 -0.359888554 -1.330120802 0.056397263 0.997842014 -0.033625990 -0.113091826 0.361288667 0.011000551 0.932389140 5.206185818
0.921894014 -0.070573226 -0.380960464 -1.478372931 0.061560724 0.997460783 -0.035808381 -0.135928214 0.382520258 0.009559328 0.923897624 5.565849304
0.913058519 -0.075328305 -0.400811493 -1.644312263 0.065143675 0.997113585 -0.038998093 -0.149305582 0.402592242 0.009497205 0.915330172 5.918529987
0.903536975 -0.077669159 -0.421412200 -1.826944113 0.065912314 0.996923387 -0.042419240 -0.166582584 0.423410296 0.010551110 0.905876637 6.292408466
0.893342316 -0.081404455 -0.441942245 -2.008635044 0.067632161 0.996609151 -0.046860781 -0.204393625 0.444258273 0.011973204 0.895818830 6.632471561
0.883004963 -0.080786727 -0.462359071 -2.224760056 0.063239582 0.996571064 -0.053354353 -0.225314602 0.465084016 0.017872758 0.885086060 6.997451305
0.870942771 -0.084277339 -0.484103471 -2.445670128 0.063341126 0.996218145 -0.059475135 -0.255508065 0.487285048 0.021135770 0.872987092 7.364326000
0.857919097 -0.094342403 -0.505049050 -2.673293114 0.069654509 0.995278358 -0.067595482 -0.285063386 0.509041548 0.022812504 0.860439539 7.739007473
0.844738185 -0.102952160 -0.525184155 -2.922173977 0.074924745 0.994408250 -0.074420944 -0.321619093 0.529909253 0.023516923 0.847728193 8.126401901
0.831264734 -0.108059682 -0.545272410 -3.163796902 0.075802520 0.993795931 -0.081385568 -0.349223852 0.550683975 0.026319930 0.834298730 8.488822937
0.819369614 -0.108771674 -0.562851846 -3.455836296 0.072685607 0.993622243 -0.086206652 -0.390521944 0.568638921 0.029723885 0.822049975 8.882857323
0.809351504 -0.104939438 -0.577873528 -3.767556190 0.065402895 0.993892312 -0.088885434 -0.444227546 0.583671570 0.034144957 0.811271667 9.279106140
0.800364137 -0.103888653 -0.590444207 -4.092673302 0.061134782 0.993880153 -0.092003271 -0.493591964 0.596388817 0.037539449 0.801817358 9.683507919
0.791188359 -0.105822384 -0.602347672 -4.425698280 0.060982965 0.993658304 -0.094467528 -0.550265074 0.608524561 0.038008660 0.792624235 10.114644051
0.782347679 -0.108977109 -0.613234162 -4.770921707 0.062634274 0.993348658 -0.096619695 -0.606726646 0.619684637 0.037180703 0.783969700 10.542194366
0.772417843 -0.113472953 -0.624895632 -5.145067215 0.066621087 0.992958009 -0.097959660 -0.671320915 0.631610811 0.034034565 0.774538159 10.999410629
0.762642860 -0.113640860 -0.636758745 -5.534460068 0.065776974 0.992967486 -0.098431863 -0.735431433 0.643466651 0.033184271 0.764754415 11.457451820
0.753784478 -0.114056997 -0.647147536 -5.937617302 0.063107900 0.992834330 -0.101475999 -0.803283632 0.654084325 0.035650916 0.755581021 11.895428658
0.743821263 -0.116990872 -0.658060253 -6.372060776 0.062089190 0.992399156 -0.106249243 -0.869456172 0.665488541 0.038172007 0.745431244 12.379513741
0.733553469 -0.121742964 -0.668638945 -6.824609280 0.064279668 0.991843045 -0.110070392 -0.934599042 0.676585138 0.037762608 0.735395372 12.868359566
0.723983526 -0.123105586 -0.678743422 -7.274216652 0.063456774 0.991660476 -0.112173833 -1.014899611 0.686892211 0.038141154 0.725757837 13.345573425
0.715761304 -0.123591036 -0.687321603 -7.766174316 0.062206689 0.991586149 -0.113521852 -1.096168041 0.695568860 0.038498547 0.717427194 13.843557358
0.709293842 -0.127070099 -0.693365335 -8.266540527 0.064226270 0.991176724 -0.115947001 -1.188251853 0.701981008 0.037708219 0.711196721 14.345639229
0.705396712 -0.130423054 -0.696710408 -8.777212143 0.063389391 0.990594864 -0.121258065 -1.279509425 0.705972612 0.041370973 0.707029760 14.863172531
0.704986453 -0.131760046 -0.696874082 -9.295937538 0.059915926 0.990143180 -0.126595899 -1.369851589 0.706685483 0.047494553 0.705932021 15.365206718
0.706231296 -0.130425960 -0.695864022 -9.846221924 0.054365162 0.989973009 -0.130375788 -1.470039368 0.705890954 0.054244693 0.706240475 15.911865234
0.708216906 -0.131875947 -0.693568647 -10.418130875 0.055431746 0.989753127 -0.131590351 -1.584985971 0.703815401 0.054748785 0.708269954 16.494380951
0.711402893 -0.132317811 -0.690215766 -10.975417137 0.056054819 0.989670217 -0.131949246 -1.695146203 0.700545371 0.055179156 0.711471379 17.064298630
0.715298116 -0.129172102 -0.686777413 -11.545839310 0.051920660 0.989875257 -0.132103220 -1.804594994 0.696887970 0.058835249 0.714762568 17.642345428
0.719856977 -0.125110388 -0.682754278 -12.123819351 0.047493741 0.990194857 -0.131372228 -1.917986512 0.692495704 0.062142670 0.718740582 18.231159210
0.724395335 -0.120859310 -0.678708017 -12.703175545 0.043557953 0.990569532 -0.129903227 -2.038593054 0.688007414 0.064538158 0.722828209 18.842042923
0.729853690 -0.117612109 -0.673409939 -13.274402618 0.040797982 0.990826786 -0.128831878 -2.158223629 0.682384849 0.066554628 0.727956951 19.444349289
0.734590411 -0.115749180 -0.668564916 -13.863541603 0.038602836 0.990875185 -0.129135877 -2.275169611 0.677411795 0.069053464 0.732355714 20.075380325
0.738397181 -0.114827275 -0.664518178 -14.453472137 0.039182615 0.991037250 -0.127710268 -2.392592907 0.673226774 0.068263330 0.736278296 20.728755951
0.741775990 -0.114613652 -0.660781384 -15.046325684 0.040766682 0.991172254 -0.126156896 -2.515143394 0.669407547 0.066642284 0.739900231 21.386779785
0.743815780 -0.114091650 -0.658575118 -15.648012161 0.040008910 0.991156816 -0.126520813 -2.635102272 0.667186201 0.067759290 0.741802752 22.056838989
0.746141911 -0.116450004 -0.655523956 -16.243448257 0.039472617 0.990590513 -0.131043389 -2.757762194 0.664615810 0.071901746 0.743717670 22.724584579
0.748010933 -0.114225715 -0.653783023 -16.860502243 0.033739708 0.990349054 -0.134426326 -2.879660130 0.662828445 0.078493908 0.744645834 23.402984619
0.750257015 -0.111890011 -0.651609659 -17.489332199 0.032327008 0.990604937 -0.132879004 -3.009563208 0.660355568 0.078628793 0.746825278 24.096952438
0.752358854 -0.112368487 -0.649099112 -18.111173630 0.034870327 0.990756094 -0.131096736 -3.143598795 0.657830119 0.075997472 0.749322355 24.805009842
0.753929257 -0.109596059 -0.647749424 -18.752281189 0.032811433 0.991037846 -0.129488856 -3.275317907 0.656135738 0.076371856 0.750768423 25.535249710
0.754838049 -0.114210360 -0.645891249 -19.392246246 0.037180312 0.990590692 -0.131710440 -3.408454895 0.654856563 0.075405627 0.751982033 26.276096344
0.755486310 -0.117810510 -0.644485176 -20.026288986 0.041554995 0.990335703 -0.132319167 -3.548111200 0.653845251 0.073183753 0.753080666 27.026927948
0.755910397 -0.119269282 -0.643719018 -20.684465408 0.042818546 0.990166605 -0.133178428 -3.687774181 0.653273225 0.073107861 0.753584266 27.794349670
0.756540716 -0.115360610 -0.643691003 -21.366596222 0.039578561 0.990590274 -0.131013617 -3.823058605 0.652747869 0.073640786 0.753987491 28.570419312
0.757172525 -0.111543432 -0.643620789 -22.031286240 0.038355667 0.991204441 -0.126659185 -3.966994524 0.652087748 0.071216360 0.754791141 29.338401794
0.757344127 -0.107202679 -0.644156456 -22.707035065 0.034627434 0.991637766 -0.124319732 -4.102686405 0.652097344 0.071847335 0.754723132 30.111911774
0.757321477 -0.105661042 -0.644437790 -23.378120422 0.033109777 0.991767287 -0.123699158 -4.243717670 0.652202487 0.072342835 0.754584908 30.876243591
0.755941987 -0.108202368 -0.645634472 -24.037836075 0.036467999 0.991674662 -0.123496868 -4.388926506 0.653622091 0.069811486 0.753594398 31.634099960
0.752986908 -0.108822465 -0.648975015 -24.688405991 0.037601870 0.991734982 -0.122669354 -4.533779144 0.656960309 0.067965746 0.750855267 32.413970947
0.749975502 -0.106119826 -0.652897775 -25.345443726 0.036693465 0.992201507 -0.119119823 -4.669571877 0.660447180 0.065379858 0.748020709 33.161682129
0.747549534 -0.105397657 -0.655790389 -26.002864838 0.035450779 0.992253721 -0.119062409 -4.805719376 0.663259327 0.065756768 0.745495200 33.900970459
0.746426105 -0.104216903 -0.657257020 -26.663177490 0.033268012 0.992269874 -0.119556241 -4.945749760 0.664636075 0.067374274 0.744123340 34.637100220
0.745801449 -0.102072582 -0.658301771 -27.316532135 0.029730001 0.992306888 -0.120179899 -5.077747822 0.665504336 0.070059054 0.743098676 35.360507965
0.745325983 -0.097686194 -0.659504771 -27.961812973 0.026225189 0.992737591 -0.117406957 -5.211076736 0.666184187 0.070210814 0.742475033 36.079441071
0.745256066 -0.096635886 -0.659738421 -28.594524384 0.026468175 0.992949545 -0.115544267 -5.343422890 0.666252851 0.068647988 0.742559433 36.780277252
0.745683789 -0.096685529 -0.659247696 -29.221389771 0.027775085 0.993066311 -0.114226744 -5.467035770 0.665720880 0.066866368 0.743198812 37.489459991
0.746610403 -0.096217230 -0.658266723 -29.831907272 0.028394368 0.993192911 -0.112967491 -5.589368820 0.664655209 0.065651648 0.744260192 38.173854828
0.747112811 -0.096491285 -0.657656372 -30.423862457 0.030658549 0.993356824 -0.110916391 -5.709918499 0.663989961 0.062704250 0.745107770 38.842494965
0.746727109 -0.099737577 -0.657610118 -30.998821259 0.034306608 0.993152678 -0.111672528 -5.822495461 0.664245188 0.060828529 0.745035708 39.493431091
0.746341586 -0.101063989 -0.657845378 -31.555690765 0.036405679 0.993123233 -0.111269206 -5.928597927 0.664566875 0.059095521 0.744888365 40.119106293
0.745864689 -0.099576086 -0.658612490 -32.090942383 0.035720658 0.993319631 -0.109727807 -6.040953636 0.665138960 0.058316015 0.744438946 40.715290070
0.745054305 -0.097662963 -0.659815073 -32.598438263 0.034806967 0.993567407 -0.107759975 -6.147993565 0.666095018 0.057320882 0.743661046 41.282150269
0.744347095 -0.100118935 -0.660245180 -33.073970795 0.038100488 0.993454039 -0.107692629 -6.242587090 0.666705251 0.055005029 0.743288994 41.813774109
0.743859649 -0.100871779 -0.660679758 -33.533031464 0.036273073 0.993180811 -0.110797770 -6.328278542 0.667350829 0.058453105 0.742446065 42.318344116
0.743431330 -0.099987470 -0.661296010 -33.971157074 0.034180820 0.993149698 -0.111737311 -6.419613361 0.667938292 0.060465377 0.741756380 42.799751282
0.743114829 -0.098158471 -0.661925435 -34.403347015 0.030505084 0.993123710 -0.113025896 -6.507122040 0.668468297 0.063799128 0.740999281 43.264251709
0.742039025 -0.100588828 -0.662766814 -34.813999176 0.031148227 0.992783785 -0.115802079 -6.592094421 0.669632494 0.065285638 0.739817560 43.717361450
0.740861714 -0.102114677 -0.663849652 -35.219924927 0.032669727 0.992683947 -0.116236970 -6.673187256 0.670862496 0.064427726 0.738777697 44.171871185
0.740642428 -0.100485340 -0.664342940 -35.623706818 0.031962782 0.992903352 -0.114548124 -6.750561237 0.671138704 0.063604951 0.738598108 44.611331940
0.740732789 -0.096498251 -0.664833128 -36.034488678 0.027682599 0.993173599 -0.113312803 -6.828101635 0.671229243 0.065530188 0.738347590 45.048938751
0.740643799 -0.093577616 -0.665349603 -36.420707703 0.024754088 0.993381977 -0.112158135 -6.914084435 0.671441734 0.066599108 0.738058627 45.458366394
0.740300596 -0.093932502 -0.665681362 -36.810310364 0.025057435 0.993357897 -0.112303808 -6.988360405 0.671808839 0.066458315 0.737737179 45.879165649
0.741238356 -0.092015818 -0.664905012 -37.188461304 0.023357468 0.993495524 -0.111450292 -7.059358120 0.670835316 0.067080729 0.738566279 46.283206940
0.742218256 -0.090496734 -0.664019704 -37.553344727 0.022102088 0.993606985 -0.110709958 -7.130327225 0.669793546 0.067494750 0.739473462 46.686096191
0.743217111 -0.087177120 -0.663346410 -37.921298981 0.021033768 0.994029105 -0.107069135 -7.198349953 0.668719590 0.065622933 0.740612984 47.081363678
0.743958056 -0.084086724 -0.662914574 -38.282123566 0.021714332 0.994569361 -0.101786129 -7.261766434 0.667873383 0.061329860 0.741743684 47.468059540
0.743922591 -0.082421497 -0.663163662 -38.622020721 0.023435382 0.994972289 -0.097371131 -7.325574875 0.667854905 0.056895077 0.742113829 47.866630554
0.744820893 -0.076185256 -0.662901044 -38.975948334 0.016847612 0.995291054 -0.095456265 -7.389480591 0.667051792 0.059929512 0.742596984 48.236213684
0.744859040 -0.071947448 -0.663331330 -39.335769653 0.011761847 0.995430589 -0.094760746 -7.454298973 0.667118073 0.062781401 0.742301762 48.634220123
0.745003998 -0.072491281 -0.663109362 -39.686714172 0.011052972 0.995282590 -0.096386537 -7.514803886 0.666968405 0.064479023 0.742290795 49.016002655
0.743705809 -0.079240017 -0.663794041 -40.032253265 0.015894387 0.994765282 -0.100941651 -7.570620060 0.668318093 0.064520314 0.741072237 49.414844513
0.743567050 -0.084367491 -0.663317502 -40.376586914 0.021940542 0.994552374 -0.101902381 -7.626417637 0.668301404 0.061217703 0.741367459 49.807090759
0.745830238 -0.079994209 -0.661315501 -40.733367920 0.018399950 0.994858563 -0.099588916 -7.687593937 0.665881991 0.062108248 0.743467391 50.199024200
0.748444021 -0.073848389 -0.659073591 -41.098289490 0.012726204 0.995197237 -0.097058773 -7.734352589 0.663075864 0.064255543 0.745789289 50.595996857
0.751708746 -0.068214826 -0.655957878 -41.483604431 0.010828664 0.995778859 -0.091144413 -7.803495407 0.659406424 0.061410904 0.749274194 51.018653870
0.755823791 -0.066846773 -0.651353836 -41.822418213 0.014910870 0.996274412 -0.084942639 -7.863917828 0.654605269 0.054489423 0.754004478 51.424789429
0.759779692 -0.068143606 -0.646599829 -42.183536530 0.019000977 0.996394992 -0.082680821 -7.916472435 0.649902940 0.050533179 0.758335412 51.859409332
0.762840927 -0.072234847 -0.642538667 -42.544910431 0.024455952 0.996252358 -0.082964867 -7.970826149 0.646123648 0.047575094 0.761748552 52.295253754
0.765670061 -0.076026112 -0.638724804 -42.904380798 0.029307809 0.996082664 -0.083429009 -8.024921417 0.642565429 0.045159467 0.764898896 52.743724823
0.769403279 -0.075174078 -0.634324372 -43.279560089 0.030241927 0.996224165 -0.081381090 -8.080121994 0.638046980 0.043431677 0.768771589 53.190799713
0.773081183 -0.074662551 -0.629897594 -43.657852173 0.030196279 0.996254444 -0.081027046 -8.134263039 0.633587837 0.043619920 0.772440135 53.647415161
0.776289821 -0.074621342 -0.625943840 -44.038722992 0.029619761 0.996190012 -0.082025744 -8.191137314 0.629679859 0.045135442 0.775542438 54.112030029
0.778479338 -0.077483475 -0.622869372 -44.409988403 0.032497767 0.995995879 -0.083282948 -8.243288040 0.626828432 0.044592179 0.777880251 54.591930389
0.780433297 -0.081603035 -0.619890988 -44.796413422 0.036950827 0.995733261 -0.084558710 -8.300891876 0.624146223 0.043086950 0.780118585 55.076557159
0.781753480 -0.082678944 -0.618082285 -45.183723450 0.038707148 0.995693922 -0.084233895 -8.355821609 0.622385085 0.041925937 0.781587481 55.571811676
0.782983005 -0.081428841 -0.616690457 -45.583103180 0.039535902 0.995904922 -0.081304088 -8.415722847 0.620785594 0.039278295 0.782995939 56.079772949
0.783972025 -0.078572303 -0.615803778 -45.989292145 0.039817404 0.996279716 -0.076427385 -8.476380348 0.619517863 0.035397224 0.784183919 56.587062836
0.784402847 -0.078231774 -0.615298271 -46.402214050 0.041711342 0.996421516 -0.073514469 -8.532094002 0.618847609 0.032000035 0.784859002 57.104808807
0.784441590 -0.077885054 -0.615292966 -46.816764832 0.042252708 0.996489763 -0.072269447 -8.586525917 0.618761897 0.030693363 0.784978926 57.629329681
0.783699453 -0.078530446 -0.616155982 -47.240421295 0.043316398 0.996470332 -0.071907483 -8.647577286 0.619628072 0.029664187 0.784334838 58.156364441
0.781632483 -0.079086311 -0.618705094 -47.651042938 0.043624394 0.996431470 -0.072257124 -8.704228401 0.622211814 0.029487882 0.782293379 58.681129456
0.779324114 -0.081236437 -0.621332884 -48.088226318 0.045037560 0.996258080 -0.073766559 -8.767015457 0.625000417 0.029504741 0.780066609 59.217700958
0.775790095 -0.082537793 -0.625569403 -48.525032043 0.046788599 0.996203363 -0.073415160 -8.822639465 0.629253924 0.027685236 0.776706576 59.752662659
0.771761239 -0.081192911 -0.630707681 -48.968399048 0.046713423 0.996374428 -0.071105704 -8.885910034 0.634194255 0.025414128 0.772755921 60.287044525
0.767660856 -0.076519392 -0.636271656 -49.415470123 0.044612825 0.996818125 -0.066054188 -8.936699867 0.639301598 0.022321343 0.768632054 60.816589355
0.762968421 -0.072211035 -0.642390013 -49.866436005 0.042295571 0.997188330 -0.061859336 -9.004941940 0.645050585 0.020026473 0.763877273 61.339424133
0.756355107 -0.074404888 -0.649916112 -50.312561035 0.045460790 0.997087061 -0.061244268 -9.063072205 0.652579725 0.016776720 0.757534325 61.861629486
0.748626351 -0.076609910 -0.658550978 -50.769630432 0.047045365 0.996935964 -0.062494401 -9.120267868 0.661320925 0.015803190 0.749936521 62.375907898
0.739566088 -0.079361640 -0.668388903 -51.228317261 0.046724867 0.996682405 -0.066641174 -9.172646523 0.671460092 0.018055163 0.740820587 62.883789062
0.729948938 -0.078413993 -0.678988755 -51.705287933 0.043697242 0.996719003 -0.068130665 -9.234229088 0.682103515 0.020061970 0.730980337 63.373340607
0.719246030 -0.078561842 -0.690299273 -52.180644989 0.043138482 0.996718884 -0.068487518 -9.281994820 0.693414807 0.019480912 0.720275104 63.847953796
0.707959414 -0.075767674 -0.702176988 -52.653823853 0.043009769 0.997008681 -0.064217210 -9.340468407 0.704942167 0.015262716 0.709100425 64.317420959
0.696730316 -0.071103126 -0.713800490 -53.146816254 0.040838655 0.997393131 -0.059490357 -9.395274162 0.716169596 0.012298082 0.697817922 64.778663635
0.685122788 -0.065602474 -0.725467563 -53.647171021 0.036656801 0.997779548 -0.055608835 -9.452634811 0.727504671 0.011505565 0.686006188 65.229698181
0.672759116 -0.063300364 -0.737148702 -54.160064697 0.033504907 0.997917652 -0.055114824 -9.506961823 0.739102602 0.012380907 0.673478961 65.666572571
0.659476221 -0.067147106 -0.748720527 -54.673713684 0.034834933 0.997662425 -0.058790073 -9.553215027 0.750917852 0.012689035 0.660273671 66.089996338
0.646387517 -0.070120730 -0.759780407 -55.185470581 0.033433247 0.997414708 -0.063608669 -9.606763840 0.762276530 0.015713926 0.647060812 66.512191772
0.635189056 -0.072287463 -0.768966317 -55.714389801 0.030832607 0.997190118 -0.068273209 -9.653879166 0.771740973 0.019657169 0.635633051 66.917610168
0.625624299 -0.068896726 -0.777076125 -56.190265656 0.024333213 0.997331440 -0.068834193 -9.711164474 0.779744923 0.024155583 0.625631094 67.308982849
0.619057596 -0.063257255 -0.782793820 -56.733070374 0.020021688 0.997698128 -0.064789832 -9.759171486 0.785090268 0.024435783 0.618899107 67.714988708
0.616367042 -0.053433686 -0.785644054 -57.292217255 0.014933977 0.998308897 -0.056181304 -9.808811188 0.787317455 0.022895522 0.616122663 68.123802185
0.616400599 -0.047814459 -0.785979807 -57.829025269 0.014806404 0.998682141 -0.049142189 -9.866096497 0.787293613 0.018653743 0.616296053 68.543190002
0.618934512 -0.046010919 -0.784093857 -58.363174438 0.013663606 0.998762429 -0.047822215 -9.924695015 0.785323739 0.018885270 0.618797183 68.964416504
0.624512911 -0.049812712 -0.779424369 -58.898490906 0.013449208 0.998501897 -0.053037710 -9.964971542 0.780898571 0.022640098 0.624247313 69.383827209
0.631979287 -0.053745221 -0.773119450 -59.437129974 0.014324571 0.998232067 -0.057684980 -10.006395340 0.774853051 0.025381099 0.631631792 69.832809448
0.641672730 -0.054014873 -0.765074253 -59.964893341 0.014267920 0.998185098 -0.058506094 -10.049160004 0.766845942 0.026625739 0.641278803 70.281570435
0.653395712 -0.052051619 -0.755224884 -60.491882324 0.015479661 0.998343408 -0.055415343 -10.103056908 0.756858230 0.024517519 0.653119087 70.736961365
0.665165484 -0.050381079 -0.744994342 -61.012363434 0.018125338 0.998516679 -0.051342662 -10.151196480 0.746475816 0.020648090 0.665092051 71.210464478
0.676670074 -0.050966173 -0.734520197 -61.533485413 0.022251412 0.998561263 -0.048788287 -10.193212509 0.735949934 0.016669460 0.676830649 71.698242188
0.688353062 -0.049705569 -0.723670721 -62.090332031 0.024638914 0.998675942 -0.045157947 -10.232824326 0.724957168 0.013254145 0.688666344 72.214469910
0.699769437 -0.046004649 -0.712885857 -62.590797424 0.026161501 0.998905122 -0.038782172 -10.271063805 0.713889420 0.008488413 0.700206935 72.720321655
0.710669219 -0.038228299 -0.702486932 -63.114257812 0.024066769 0.999259174 -0.030031122 -10.306446075 0.703114510 0.004435605 0.711062908 73.248352051
0.720336080 -0.036937784 -0.692641020 -63.631446838 0.028631078 0.999313414 -0.023516404 -10.337378502 0.693034053 -0.002891346 0.720899045 73.794281006
0.727434754 -0.036419988 -0.685209692 -64.142028809 0.031908624 0.999305546 -0.019239744 -10.369148254 0.685434520 -0.007868439 0.728091657 74.344657898
0.732458293 -0.040652178 -0.679597020 -64.647842407 0.036889095 0.999119163 -0.020006910 -10.392011642 0.679811716 -0.010415494 0.733312666 74.907325745
0.736824214 -0.041313503 -0.674820960 -65.167861938 0.037181001 0.999096811 -0.020568905 -10.410884857 0.675061166 -0.009934847 0.737694919 75.464179993
0.739847004 -0.036937103 -0.671760499 -65.693481445 0.036332533 0.999228239 -0.014928067 -10.431206703 0.671793401 -0.013362268 0.740618050 76.043182373
0.742424548 -0.030002624 -0.669257402 -66.234237671 0.035106298 0.999366462 -0.005856986 -10.450125694 0.669009149 -0.019146781 0.743007541 76.628616333
0.744997561 -0.028518323 -0.666457295 -66.766464233 0.039528489 0.999217391 0.001429390 -10.470237732 0.665894866 -0.027408946 0.745541930 77.220939636
0.746759772 -0.029992094 -0.664417267 -67.299827576 0.041212242 0.999149680 0.001217688 -10.484204292 0.663815796 -0.028291443 0.747360826 77.831214905
0.749726534 -0.032526124 -0.660947978 -67.837631226 0.043094177 0.999071002 -0.000283018 -10.491853714 0.660343170 -0.028270822 0.750431657 78.438644409
0.752450645 -0.030278495 -0.657952249 -68.387611389 0.042561997 0.999090195 0.002697539 -10.498568535 0.657272041 -0.030033525 0.753054798 79.056106567
0.755484879 -0.025065323 -0.654686391 -68.943046570 0.042214558 0.999053776 0.010464334 -10.501839638 0.653804660 -0.035542943 0.755828142 79.685935974
0.758692741 -0.017612716 -0.651210546 -69.491348267 0.041377068 0.998918951 0.021189459 -10.504745483 0.650133371 -0.043021463 0.758601189 80.327102661
0.762444913 -0.013636895 -0.646909297 -70.047065735 0.039221648 0.998913586 0.025169324 -10.500475883 0.645863235 -0.044563077 0.762151539 80.973449707
0.766799331 -0.013898136 -0.641736388 -70.595077515 0.040259175 0.998838484 0.026473038 -10.494308472 0.640623093 -0.046135284 0.766468227 81.619674683
0.770895958 -0.012065826 -0.636846840 -71.143379211 0.039118897 0.998830140 0.028428955 -10.481981277 0.635758758 -0.046828512 0.770466030 82.275596619
0.774947107 -0.009086212 -0.631960869 -71.695007324 0.038668714 0.998705029 0.033058636 -10.468953133 0.630842149 -0.050055802 0.774294913 82.951263428
0.778605878 -0.007201235 -0.627471924 -72.245346069 0.040965937 0.998384237 0.039375015 -10.452336311 0.626174688 -0.056362581 0.777642906 83.624229431
0.781975985 -0.009643418 -0.623233795 -72.809883118 0.045066956 0.998138070 0.041101452 -10.433389664 0.621677160 -0.060227599 0.780954719 84.322929382
0.785424829 -0.013801450 -0.618803084 -73.350608826 0.048816785 0.998018444 0.039702155 -10.410495758 0.617029011 -0.061391048 0.784542084 85.013542175
0.787998617 -0.015344780 -0.615485787 -73.898582458 0.050356336 0.997946322 0.039590608 -10.385506630 0.613614142 -0.062190954 0.787153006 85.718933105
0.789861083 -0.013672359 -0.613133371 -74.450912476 0.049679704 0.997892261 0.041747078 -10.366085052 0.611270249 -0.063434668 0.788875639 86.431732178
0.791309237 -0.010276069 -0.611329615 -74.988899231 0.050197609 0.997575164 0.048207529 -10.347464561 0.609351754 -0.068834357 0.789906442 87.117202759
0.792531371 -0.007172814 -0.609788895 -75.544502258 0.049763452 0.997356594 0.052944966 -10.317285538 0.607797265 -0.072305746 0.790793538 87.827987671
0.793157697 -0.009527823 -0.608941853 -76.090248108 0.053195059 0.997140050 0.053685747 -10.291109085 0.606688678 -0.074973963 0.791396081 88.537681580
0.793099582 -0.011061747 -0.608991623 -76.650665283 0.054219965 0.997147858 0.052499294 -10.261743546 0.606673837 -0.074656665 0.791437328 89.254447937
0.792583525 -0.011905407 -0.609647155 -77.196807861 0.053945936 0.997258008 0.050658654 -10.221843719 0.607372403 -0.073039204 0.791052520 89.964988708
0.791759789 -0.012752380 -0.610699356 -77.756065369 0.057356298 0.996916890 0.053544108 -10.188531876 0.608133793 -0.077421531 0.790050209 90.687263489
0.790040076 -0.012761801 -0.612922370 -78.324859619 0.061634779 0.996371210 0.058699854 -10.150222778 0.609949112 -0.084152572 0.787959695 91.426124573
0.787934005 -0.011857301 -0.615645468 -78.891799927 0.064707242 0.995873213 0.063635111 -10.113291740 0.612350345 -0.089976989 0.785449684 92.147148132
0.785261691 -0.012184871 -0.619044065 -79.464248657 0.067110658 0.995590985 0.065533742 -10.075125694 0.615516186 -0.093005590 0.782617211 92.874328613
0.781848609 -0.014370413 -0.623302579 -80.058334351 0.070009828 0.995435059 0.064867809 -10.026325226 0.619525135 -0.094354130 0.779285550 93.616874695
0.777444243 -0.016608525 -0.628732383 -80.675216675 0.073548734 0.995193541 0.064656056 -9.973529816 0.624636650 -0.096508965 0.774929047 94.360786438
0.772280812 -0.013589985 -0.635135949 -81.259529114 0.073543467 0.994961977 0.068134546 -9.935094833 0.631010115 -0.099329099 0.769389391 95.076225281
0.767424524 -0.013811556 -0.640990496 -81.879981995 0.075404927 0.994773626 0.068843812 -9.890112877 0.636689603 -0.101166263 0.764455140 95.807685852
0.762487829 -0.014816791 -0.646832943 -82.508110046 0.077930197 0.994562626 0.069082148 -9.838040352 0.642292142 -0.103082113 0.759496510 96.545326233
0.758164048 -0.011807437 -0.651956916 -83.155982971 0.075841725 0.994647026 0.070182912 -9.784540176 0.647638202 -0.102655716 0.755000949 97.273757935
0.753821075 -0.011494812 -0.656979144 -83.775627136 0.078536965 0.994255543 0.072717719 -9.737349510 0.652369320 -0.106413290 0.750393569 97.993515015
0.749010563 -0.014663593 -0.662395835 -84.423767090 0.083695479 0.993840337 0.072638623 -9.684578896 0.657250524 -0.109846637 0.745624244 98.742904663
0.744876802 -0.018078813 -0.666956902 -85.085243225 0.085941643 0.993905067 0.069040924 -9.634675026 0.661643744 -0.108746380 0.741890609 99.472457886
0.741396368 -0.020990957 -0.670738935 -85.758186340 0.088060431 0.993910789 0.066232257 -9.582286835 0.665264487 -0.108169913 0.738730371 100.214729309
0.738703549 -0.022809228 -0.673644483 -86.440055847 0.089634687 0.993874848 0.064639352 -9.534341812 0.668044031 -0.108131222 0.736223400 100.956169128
0.736894369 -0.024051227 -0.675579965 -87.145347595 0.092401698 0.993570805 0.065415941 -9.483776093 0.669662952 -0.110629417 0.734378934 101.707290649
0.734666049 -0.025193218 -0.677960932 -87.844009399 0.098284945 0.992720425 0.069615826 -9.429617882 0.671271741 -0.117777742 0.731794059 102.474121094
0.732020140 -0.027135929 -0.680742383 -88.539932251 0.101391412 0.992418170 0.069468804 -9.376875877 0.673695982 -0.119873993 0.729221404 103.247039795
0.730624914 -0.030021472 -0.682118654 -89.261207581 0.100070171 0.992953122 0.063484341 -9.331457138 0.675405920 -0.114642993 0.728480458 104.000236511
0.730450869 -0.031758487 -0.682226419 -89.978553772 0.097162165 0.993590057 0.057777412 -9.282635689 0.676018417 -0.108490162 0.728854537 104.757148743
0.731336057 -0.028728496 -0.681411922 -90.707229614 0.093443498 0.993911207 0.058386162 -9.238021851 0.675585568 -0.106373437 0.729567528 105.516265869
0.731999874 -0.022205710 -0.680942833 -91.443672180 0.087620459 0.994237065 0.061767913 -9.187651634 0.675647020 -0.104878634 0.729727089 106.282676697
0.732955992 -0.019298956 -0.680002391 -92.176979065 0.086127870 0.994186282 0.064619161 -9.151959419 0.674801946 -0.105930164 0.730356932 107.067092896
0.733915865 -0.022881946 -0.678854883 -92.896110535 0.089838788 0.993922055 0.063623652 -9.102096558 0.673273027 -0.107681893 0.731510818 107.856704712
0.734923244 -0.028391799 -0.677555680 -93.624664307 0.088915981 0.994532168 0.054770209 -9.058248520 0.672295988 -0.100497425 0.733429313 108.643775940
0.735929072 -0.031853996 -0.676308930 -94.359687805 0.084645949 0.995384216 0.045225549 -9.020849228 0.671746671 -0.090529606 0.735228479 109.434341431
0.737437189 -0.035554104 -0.674479306 -95.107955933 0.084405988 0.995636284 0.039801307 -8.994928360 0.670120895 -0.086281054 0.737220168 110.232650757
0.738810897 -0.036509179 -0.672923148 -95.840087891 0.085119911 0.995589793 0.039438903 -8.971424103 0.668515563 -0.086417034 0.738660276 111.038414001
0.740119815 -0.038776450 -0.671356201 -96.584274292 0.088564031 0.995260894 0.040150534 -8.943689346 0.666617632 -0.089174211 0.740046501 111.862457275
0.740627468 -0.041755632 -0.670617163 -97.327690125 0.093637489 0.994742036 0.041475847 -8.919146538 0.665359199 -0.093513057 0.740643203 112.690628052
0.741392314 -0.047639389 -0.669378757 -98.074226379 0.097026847 0.994605601 0.036679599 -8.895256042 0.664020479 -0.092141680 0.742015302 113.504470825
0.742134809 -0.051604353 -0.668261170 -98.816207886 0.097537220 0.994733155 0.031504452 -8.873796463 0.663115680 -0.088560894 0.743259370 114.326774597
0.742688894 -0.049134802 -0.667831540 -99.562011719 0.094811976 0.994973123 0.032235663 -8.859964371 0.662890553 -0.087259501 0.743614078 115.151062012
0.743573129 -0.044787377 -0.667153060 -100.311996460 0.091914728 0.995128989 0.035638161 -8.842761993 0.662307084 -0.087820768 0.744067729 115.973342896
0.744181514 -0.042738732 -0.666608751 -101.067169189 0.089224361 0.995368302 0.035790619 -8.823805809 0.661991596 -0.086112455 0.744548023 116.801177979
0.744924188 -0.037619345 -0.666087687 -101.815338135 0.084635086 0.995670974 0.038418688 -8.802975655 0.661758959 -0.084993385 0.744883358 117.630920410
0.745387435 -0.036552444 -0.665628672 -102.563903809 0.084836692 0.995578408 0.040330879 -8.783422470 0.661211252 -0.086531870 0.745192528 118.460708618
0.745322943 -0.040048450 -0.665499687 -103.305175781 0.086063981 0.995621860 0.036472369 -8.760823250 0.661125362 -0.084459238 0.745506465 119.292678833
0.745314240 -0.045007527 -0.665192425 -104.053688049 0.086400151 0.995825768 0.029428495 -8.750425339 0.661091268 -0.079406187 0.746091843 120.127471924
0.745246470 -0.049562398 -0.664944530 -104.806144714 0.087476626 0.995881915 0.023811525 -8.735301971 0.661026239 -0.075912550 0.746513188 120.972640991
0.744963408 -0.050371401 -0.665200949 -105.570625305 0.089278407 0.995703161 0.024585318 -8.725073814 0.661104381 -0.077703238 0.746259511 121.829765320
0.745360494 -0.048268434 -0.664911926 -106.332931519 0.085965782 0.996007442 0.024063000 -8.724146843 0.661095738 -0.075095288 0.746534050 122.664360046
0.745973825 -0.051396325 -0.663989067 -107.089950562 0.083803862 0.996336699 0.017029559 -8.721433640 0.660681427 -0.068348460 0.747548223 123.501396179
0.746255219 -0.057186615 -0.663198948 -107.838691711 0.082420088 0.996574461 0.006808950 -8.728033066 0.660537779 -0.059742123 0.748412132 124.337059021
0.746863782 -0.061146583 -0.662159801 -108.594352722 0.082156070 0.996619165 0.000633550 -8.736436844 0.659882486 -0.054873604 0.749362409 125.182769775
0.747637570 -0.061718863 -0.661232769 -109.355201721 0.084215365 0.996445119 0.002212713 -8.753129959 0.658745646 -0.057340275 0.750177503 126.034240723
0.747822225 -0.064400136 -0.660768211 -110.108421326 0.090219080 0.995909154 0.005041312 -8.762340546 0.657740414 -0.063383900 0.750573158 126.892494202
0.747538447 -0.066107489 -0.660920680 -110.847908020 0.093898110 0.995559692 0.006624815 -8.779487610 0.657548070 -0.067011498 0.750426590 127.749412537
0.747619629 -0.069789939 -0.660450041 -111.582664490 0.097487725 0.995223224 0.005189172 -8.799539566 0.656933069 -0.068265319 0.750852048 128.598861694
0.748661041 -0.069870561 -0.659260809 -112.335220337 0.095009975 0.995473444 0.002390504 -8.816418648 0.656109631 -0.064426027 0.751910567 129.448944092
0.749662340 -0.068814144 -0.658233225 -113.091323853 0.090977810 0.995852768 -0.000495441 -8.839384079 0.655537546 -0.059513215 0.752813876 130.299850464
0.750609636 -0.064920932 -0.657548785 -113.828353882 0.086922482 0.996214688 0.000866333 -8.859531403 0.655003548 -0.057806034 0.753411472 131.141418457
0.751589775 -0.059967149 -0.656899333 -114.575798035 0.085566841 0.996308208 0.006949937 -8.879184723 0.654057384 -0.061432298 0.753946245 131.990051270
0.753666878 -0.058210324 -0.654673696 -115.318466187 0.085358955 0.996303201 0.009679755 -8.888074875 0.651690245 -0.063177578 0.755849481 132.826416016
0.755512118 -0.059282262 -0.652446985 -116.061035156 0.084849559 0.996363878 0.007721975 -8.899158478 0.649616838 -0.061193895 0.757795036 133.683639526
0.757127106 -0.064547189 -0.650070846 -116.794197083 0.087992780 0.996114671 0.003577029 -8.909644127 0.647314250 -0.059909806 0.759865165 134.535797119
0.758496165 -0.067838088 -0.648137033 -117.532051086 0.089830190 0.995956659 0.000882617 -8.923773766 0.645456553 -0.058891736 0.761523187 135.401672363
0.759470999 -0.069263510 -0.646843374 -118.246559143 0.092088744 0.995749593 0.001499007 -8.951463699 0.643990278 -0.060705457 0.762621403 136.256271362
0.761183977 -0.068311088 -0.644928217 -118.977722168 0.091260232 0.995824456 0.002232779 -8.968866348 0.642082810 -0.060555868 0.764239848 137.112197876
0.763925374 -0.065712214 -0.641950011 -119.705291748 0.088591918 0.996061981 0.003464729 -8.985892296 0.639194310 -0.059518375 0.766738594 137.966918945
0.766566992 -0.062704995 -0.639095545 -120.434379578 0.087477058 0.996140599 0.007188361 -9.001613617 0.636178195 -0.061416563 0.769093812 138.831161499
0.768224180 -0.059969187 -0.637365878 -121.169448853 0.085952677 0.996250391 0.009863404 -9.009621620 0.634384513 -0.062360618 0.770498157 139.714630127
0.769813597 -0.063746698 -0.635077357 -121.881744385 0.089407347 0.995959580 0.008405037 -9.020474434 0.631975710 -0.063250892 0.772402763 140.579147339
0.771068752 -0.065035619 -0.633421898 -122.584197998 0.087899260 0.996118188 0.004725463 -9.037237167 0.630655766 -0.059320986 0.773792207 141.439605713
0.772309959 -0.068431854 -0.631549180 -123.291412354 0.088659070 0.996061862 0.000490729 -9.049559593 0.629028559 -0.056371562 0.775335610 142.296752930
0.772443414 -0.069201872 -0.631301939 -123.992156982 0.089668415 0.995971441 0.000539637 -9.065554619 0.628721476 -0.057024680 0.775536835 143.154144287
0.772717416 -0.066761486 -0.631229341 -124.690673828 0.088045232 0.996113479 0.002427138 -9.089223862 0.628614068 -0.057452224 0.775592446 144.010681152
0.772804618 -0.066623069 -0.631137371 -125.373947144 0.087389633 0.996172428 0.001849098 -9.105187416 0.628598571 -0.056583855 0.775668800 144.838684082
0.772201180 -0.063898638 -0.632156968 -126.066032410 0.085369326 0.996342957 0.003570846 -9.124454498 0.629616916 -0.056724224 0.774832308 145.683197021
0.771673739 -0.063152291 -0.632875502 -126.748657227 0.085508853 0.996325612 0.004842497 -9.143314362 0.630244255 -0.057853296 0.774238527 146.513000488
0.770537913 -0.061595131 -0.634411097 -127.420234680 0.085014537 0.996358275 0.006519582 -9.161066055 0.631699264 -0.058957744 0.772968352 147.333251953
0.769005001 -0.063095063 -0.636121273 -128.080978394 0.084660828 0.996403635 0.003515771 -9.176860809 0.633611739 -0.056558207 0.771580994 148.126617432
0.767542601 -0.065888412 -0.637602568 -128.752929688 0.085169293 0.996366382 -0.000435906 -9.193751335 0.635314405 -0.053969584 0.770365357 148.922561646
0.765636563 -0.069014534 -0.639560521 -129.400665283 0.086098313 0.996276796 -0.004436726 -9.211655617 0.637485445 -0.051668160 0.768727958 149.711837769
0.764424860 -0.068609379 -0.641051769 -130.067596436 0.084886342 0.996375918 -0.005415316 -9.233541489 0.639100194 -0.050276946 0.767478466 150.496994019
0.763757586 -0.066357605 -0.642083228 -130.748672485 0.082160115 0.996605277 -0.005267094 -9.262868881 0.640253067 -0.048730854 0.766616762 151.288757324
0.762521446 -0.066700011 -0.643515468 -131.404953003 0.081966676 0.996615946 -0.006173821 -9.286421776 0.641749561 -0.048039164 0.765408218 152.067230225
0.761587322 -0.067504659 -0.644537032 -132.067626953 0.082322173 0.996580482 -0.007103254 -9.316909790 0.642812431 -0.047649942 0.764540136 152.847610474
0.761227489 -0.067452602 -0.644967318 -132.734527588 0.083039917 0.996526837 -0.006211274 -9.343599319 0.643146157 -0.048829839 0.764184952 153.623626709
0.760762393 -0.067864358 -0.645472646 -133.404663086 0.083384514 0.996496320 -0.006492595 -9.356978416 0.643651783 -0.048883095 0.763755679 154.418640137
0.761724949 -0.068043731 -0.644317567 -134.071044922 0.084203072 0.996432483 -0.005682582 -9.384077072 0.642405570 -0.049924947 0.764737010 155.205413818
0.763607025 -0.064847603 -0.642416716 -134.725143433 0.080371857 0.996751964 -0.005081563 -9.410814285 0.640659630 -0.047751896 0.766338706 155.983367920
0.766019285 -0.062484935 -0.639773607 -135.394119263 0.078548267 0.996904790 -0.003316893 -9.439201355 0.638000548 -0.047712300 0.768556297 156.771301270
0.767500818 -0.065846622 -0.637657225 -136.020019531 0.079843290 0.996783972 -0.006829782 -9.459218025 0.636056244 -0.045670792 0.770289958 157.541259766
0.768872023 -0.074140027 -0.635089934 -136.659042358 0.085970208 0.996222794 -0.012218567 -9.480875969 0.633596957 -0.045204308 0.772341609 158.328445435
0.770287752 -0.080158107 -0.632638454 -137.286209106 0.089063883 0.995868087 -0.017738506 -9.517983437 0.631446302 -0.042681489 0.774244010 159.109603882
0.771629095 -0.084017865 -0.630499423 -137.924896240 0.092894681 0.995495319 -0.018967746 -9.554309845 0.629252911 -0.043933984 0.775957882 159.902404785
0.772914529 -0.085561775 -0.628714800 -138.550659180 0.096440688 0.995195627 -0.016876193 -9.584152222 0.627138197 -0.047589824 0.777452826 160.685668945
