1.000000000 0.000000000 0.000000000 0.000000000 0.000000000 1.000000000 0.000000000 0.000000000 0.000000000 0.000000000 1.000000000 0.000000000
0.999999642 0.000029067 -0.000861005 -0.000013463 -0.000029195 1.000000000 -0.000149207 0.000008446 0.000861001 0.000149232 0.999999642 -0.000371700
0.999978781 0.006515083 0.000169798 0.000070817 -0.006515056 0.999978781 -0.000162969 -0.000172303 -0.000170856 0.000161859 1.000000000 0.000010760
0.999926805 0.011827456 0.002540004 0.000244651 -0.011823403 0.999928832 -0.001604833 -0.000215978 -0.002558804 0.001574684 0.999995470 -0.000042495
0.999873877 0.015470156 0.003591007 0.000177779 -0.015463821 0.999878824 -0.001785380 -0.000183912 -0.003618192 0.001729624 0.999991953 0.000340409
0.999893129 0.013967978 0.004319645 0.000312936 -0.013965258 0.999902248 -0.000659137 -0.000412711 -0.004328429 0.000598741 0.999990463 0.000457604
0.999975085 0.005350893 0.004603931 0.000118882 -0.005360654 0.999983430 0.002110285 -0.000244813 -0.004592563 -0.002134913 0.999987185 0.000108685
0.999945104 0.004782452 0.009321160 -0.000073226 -0.004798981 0.999986947 0.001751685 -0.000139956 -0.009312660 -0.001796321 0.999954998 0.000187476
0.999903381 0.006476713 0.012297803 0.000225147 -0.006515605 0.999973893 0.003125041 -0.000096305 -0.012277242 -0.003204867 0.999919474 -0.000202467
0.999820292 0.005976168 0.017991116 0.000118832 -0.006043341 0.999974966 0.003681673 -0.000236787 -0.017968662 -0.003789738 0.999831378 0.000402507
0.999567449 0.009101850 0.027966036 0.000226069 -0.009246337 0.999944568 0.005041548 -0.000474732 -0.027918598 -0.005297950 0.999596179 0.001701503
0.999010801 0.007425203 0.043844230 0.000948909 -0.007294280 0.999968469 -0.003145325 -0.001002601 -0.043866199 0.002822401 0.999033451 0.004033616
0.999023199 0.003960551 0.044013847 0.001332007 -0.003698804 0.999975026 -0.006026781 0.000174714 -0.044036612 0.005858095 0.999012768 0.003572061
0.999310732 -0.000793201 0.037112214 0.000804171 0.001282066 0.999912679 -0.013150675 -0.000189592 -0.037098538 0.013189194 0.999224544 0.004596432
0.999012649 0.008793273 0.043548767 0.001146558 -0.008119171 0.999844790 -0.015632028 -0.001180295 -0.043679468 0.015263014 0.998929024 0.009173204
0.999006629 0.008815597 0.043680437 0.001155882 -0.008125562 0.999839783 -0.015949799 -0.000888750 -0.043814041 0.015579027 0.998918176 0.008611776
0.999082208 0.008517338 0.041978087 0.002027874 -0.008229669 0.999941468 -0.007020905 -0.001341742 -0.042035431 0.006668997 0.999093831 0.010494315
0.999149978 0.008642981 0.040308397 0.003592020 -0.008280644 0.999923885 -0.009147434 -0.002356082 -0.040384389 0.008805878 0.999145389 0.015334543
0.999150395 0.019617319 0.036242601 0.007393547 -0.018412884 0.999276698 -0.033272590 -0.003126689 -0.036869098 0.032576997 0.998788893 0.018391164
0.998799622 0.008469541 0.048243299 0.009813231 -0.005105629 0.997573733 -0.069429144 -0.006292386 -0.048714284 0.069099493 0.996419609 0.025722001
0.997753084 -0.001964099 0.066968322 0.007704545 0.007460302 0.996610940 -0.081920803 -0.009772331 -0.066580445 0.082236335 0.994386494 0.040435281
0.996658027 -0.031357210 0.075427614 0.006130648 0.036423244 0.997104347 -0.066754073 -0.016778147 -0.073115990 0.069278300 0.994914353 0.055550318
0.996532261 -0.034804381 0.075577952 0.007676298 0.039796963 0.997052670 -0.065590031 -0.016853036 -0.073072389 0.068370365 0.994980335 0.057844058
0.994844198 -0.061872091 0.080355123 0.007257324 0.065842897 0.996687293 -0.047741786 -0.016541319 -0.077135056 0.052786451 0.995622277 0.070010401
0.993660569 -0.075369768 0.083414286 0.013810903 0.079576537 0.995657563 -0.048308227 -0.014096329 -0.079411082 0.054639801 0.995343328 0.086410895
0.993616939 -0.083197609 0.076181173 0.020333994 0.086835548 0.995171547 -0.045751084 -0.021575671 -0.072006948 0.052074280 0.996043801 0.095598906
0.995390773 -0.059920367 0.074878022 0.029192943 0.064392522 0.996190131 -0.058810681 -0.055665392 -0.071068801 0.063361190 0.995456934 0.108269982
0.997193813 -0.045255490 0.059635893 0.034485459 0.048339754 0.997511029 -0.051332429 -0.069183655 -0.057164397 0.054071166 0.996899486 0.123757139
0.998861253 -0.011702908 0.046251327 0.048270397 0.012399551 0.999813557 -0.014804151 -0.098951884 -0.046069462 0.015360795 0.998820126 0.150056094
0.998952150 -0.011979274 0.044170469 0.052610163 0.012678279 0.999798179 -0.015579078 -0.093114272 -0.043974929 0.016122762 0.998902619 0.148243874
0.999015450 -0.011027706 0.042969793 0.053139497 0.011142310 0.999934971 -0.002428568 -0.096439034 -0.042940222 0.002904960 0.999073446 0.157926932
0.999408245 -0.009683295 0.033005558 0.054370023 0.009058764 0.999778032 0.019019244 -0.097386532 -0.033182405 -0.018709000 0.999274194 0.163699850
0.999046266 0.039594065 0.018409537 0.071356885 -0.040090747 0.998819053 0.027441962 -0.107352696 -0.017301256 -0.028153839 0.999453843 0.201421902
0.998824477 0.042990740 0.022394428 0.061538957 -0.043564908 0.998717010 0.025814775 -0.103124999 -0.021255905 -0.026760040 0.999415874 0.208330870
0.998706281 0.048250809 0.016055051 0.073508911 -0.048350368 0.998813093 0.005871568 -0.116046593 -0.015752688 -0.006640239 0.999853849 0.206914112
0.999118209 0.039873283 0.013144376 0.080207452 -0.039741442 0.999158502 -0.010143304 -0.120378651 -0.013537763 0.009611985 0.999862134 0.226052612
0.999617040 0.023409944 0.014750652 0.084860973 -0.023039894 0.999427378 -0.024776427 -0.127391607 -0.015322222 0.024427086 0.999584198 0.240840062
0.999445617 0.002940170 0.033163812 0.089657597 -0.001792573 0.999400318 -0.034580708 -0.143096879 -0.033245601 0.034502085 0.998851478 0.272861838
0.998879611 -0.007031470 0.046797045 0.096054181 0.008835320 0.999221325 -0.038451713 -0.151923478 -0.046490245 0.038822100 0.998163998 0.291620016
0.998055995 -0.026144803 0.056573600 0.099723116 0.027509198 0.999345839 -0.023474164 -0.161411494 -0.055922870 0.024984827 0.998122334 0.307735384
0.996999860 -0.037610844 0.067650698 0.101532131 0.038207211 0.999241292 -0.007542800 -0.169644356 -0.067315675 0.010104914 0.997680545 0.333727688
0.997593284 -0.029886300 0.062564932 0.102534220 0.031167354 0.999321997 -0.019600520 -0.172148123 -0.061936744 0.021503329 0.997848332 0.339219928
0.998240232 -0.021498673 0.055265181 0.103101611 0.023426132 0.999131262 -0.034468628 -0.172845855 -0.054476134 0.035702616 0.997876525 0.341404945
0.998960793 -0.009995611 0.044468582 0.106144361 0.011405692 0.999436438 -0.031569701 -0.173675939 -0.044127960 0.032044087 0.998511791 0.345800459
0.999052405 -0.000359943 0.043524116 0.106493384 0.001595850 0.999596357 -0.028364472 -0.174358651 -0.043496341 0.028407039 0.998649657 0.348225534
0.998622715 0.017527014 0.049451299 0.107506104 -0.016754320 0.999731660 -0.015996894 -0.175779790 -0.049718399 0.015146339 0.998648405 0.351071954
0.998126447 0.033608630 0.051127922 0.108120590 -0.033294704 0.999421120 -0.006979565 -0.176605970 -0.051332902 0.005264199 0.998667777 0.354088277
0.997846723 0.042048257 0.050337635 0.110446811 -0.042950723 0.998932779 0.016982416 -0.178066716 -0.049569845 -0.019107880 0.998587847 0.358677596
0.998373687 0.035779972 0.044382665 0.110895343 -0.037351478 0.998685598 0.035098951 -0.178687677 -0.043068487 -0.036699627 0.998397827 0.361854225
0.997465134 0.049851976 0.050775077 0.110606514 -0.052343898 0.997426629 0.048991032 -0.179785475 -0.048202116 -0.051524613 0.997507751 0.366430968
0.996497631 0.061456189 0.056707777 0.111621752 -0.064530216 0.996449888 0.054070268 -0.181432530 -0.053183503 -0.057540260 0.996925533 0.371779203
0.995476305 0.067941420 0.066414952 0.113511205 -0.070949495 0.996507525 0.044032130 -0.184159353 -0.063191399 -0.048545044 0.996820033 0.382891625
0.995347142 0.059496280 0.075791068 0.118997902 -0.061155465 0.997932613 0.019760029 -0.186536774 -0.074458748 -0.024303127 0.996927917 0.390325695
0.995602429 0.035326388 0.086762965 0.125256270 -0.034901708 0.999370158 -0.006407231 -0.191161752 -0.086934671 0.003350878 0.996208370 0.401943237
0.995987296 0.013923517 0.088405304 0.129584059 -0.011963688 0.999671578 -0.022659993 -0.193755046 -0.088691786 0.021511411 0.995826781 0.409461141
0.996070027 -0.011147483 0.087864563 0.132632971 0.016656797 0.997923434 -0.062220793 -0.196219280 -0.086988501 0.063439809 0.994187295 0.415520221
0.995454371 -0.012565932 0.094406880 0.139745072 0.019110790 0.997451186 -0.068745151 -0.200309739 -0.093302406 0.070236854 0.993157327 0.427222818
0.995428681 -0.013130886 0.094600931 0.140627071 0.019609680 0.997500360 -0.067884885 -0.200727865 -0.093473084 0.069429658 0.993197978 0.428308517
0.996164918 -0.021212962 0.084884882 0.141170770 0.028002461 0.996432602 -0.079611078 -0.201338276 -0.082893305 0.081682757 0.993205190 0.429669797
0.996571422 -0.047165897 0.067976043 0.141470969 0.052127428 0.995956540 -0.073165901 -0.203086898 -0.064250238 0.076458447 0.995000482 0.433545381
0.997919202 -0.050959893 0.039499942 0.142772943 0.053996153 0.995327175 -0.080051810 -0.203789055 -0.035235934 0.082018077 0.996007740 0.436579615
0.998987436 -0.036366642 0.026486300 0.142703548 0.038820587 0.994335532 -0.098943315 -0.204076558 -0.022738034 0.099871345 0.994740546 0.438848555
0.999836564 -0.018074820 -0.000397501 0.143916711 0.017915577 0.993499935 -0.112413809 -0.204127908 0.002426776 0.112388305 0.993661344 0.438783675
0.999707639 0.017318498 -0.016874816 0.145095438 -0.018993720 0.994314015 -0.104780130 -0.204453126 0.014964232 0.105070002 0.994352162 0.442195028
0.999653101 0.019243719 -0.017988833 0.145620853 -0.021020571 0.994306922 -0.104459822 -0.204227492 0.015876228 0.104801707 0.994366407 0.443598688
0.999105871 0.037761908 -0.019011591 0.145363525 -0.039343152 0.995061338 -0.091131501 -0.205853164 0.015476402 0.091797978 0.995657384 0.445582837
0.998982310 0.038455814 -0.023569608 0.145594761 -0.040548000 0.994566739 -0.095880590 -0.206989795 0.019754384 0.096738711 0.995113730 0.447978824
0.999408960 0.020949585 -0.027254609 0.146142334 -0.023218844 0.996041715 -0.085800521 -0.207685977 0.025349243 0.086382642 0.995939493 0.451054871
0.999804437 0.000806160 -0.019759120 0.147351563 -0.002588073 0.995909154 -0.090323113 -0.209232986 0.019605469 0.090356588 0.995716453 0.454416335
0.999651849 -0.026300974 0.002116756 0.152216330 0.026382335 0.994951189 -0.096829459 -0.201910377 0.000440640 0.096851580 0.995298743 0.474480927
0.999626577 -0.027247455 0.002045203 0.154928476 0.027316876 0.994837463 -0.097734794 -0.200095206 0.000628380 0.097754166 0.995210469 0.478596419
0.997854352 -0.059092306 0.028192144 0.155005544 0.061525095 0.993564606 -0.095099844 -0.201549545 -0.022391047 0.096630320 0.995068431 0.482704312
0.997199774 -0.068648733 0.029659286 0.155929640 0.071404912 0.991916180 -0.104897425 -0.202019960 -0.022218451 0.106721498 0.994040668 0.483952165
0.997309566 -0.070923030 0.018533114 0.159291595 0.072599128 0.990613520 -0.115819633 -0.202959359 -0.010144875 0.116853513 0.993097305 0.486309290
0.998560071 -0.052816980 -0.009389697 0.168192923 0.051120110 0.989937067 -0.131952211 -0.203805134 0.016264526 0.131282210 0.991211593 0.491193771
0.999220014 -0.021253625 -0.033281721 0.174416423 0.016315879 0.989707649 -0.142171636 -0.205028266 0.035960831 0.141517729 0.989282370 0.495885730
0.998990178 -0.003950701 -0.044754714 0.170459867 -0.002723230 0.988970518 -0.148087353 -0.205173552 0.044846144 0.148059696 0.987961113 0.494329184
0.997959077 0.021609539 -0.060088567 0.170314580 -0.030809553 0.987169504 -0.156675264 -0.205108926 0.055931926 0.158206820 0.985820651 0.494271189
0.996858835 0.035048526 -0.071020491 0.170760766 -0.046281483 0.985494137 -0.163276643 -0.205751240 0.064267680 0.166050702 0.984020770 0.495858282
0.995305657 0.055181660 -0.079508342 0.170541823 -0.068671063 0.981557846 -0.178405270 -0.205684289 0.068197340 0.183027700 0.980739534 0.495950848
0.992962182 0.086018674 -0.081406087 0.165038556 -0.099269554 0.979374290 -0.175987467 -0.207641557 0.064588815 0.182830036 0.981020629 0.487477869
0.990018964 0.105170108 -0.093817323 0.164701253 -0.118701637 0.981104672 -0.152786314 -0.208330244 0.075976044 0.162397623 0.983796060 0.489277720
0.988250434 0.124648973 -0.088451467 0.156658307 -0.137770921 0.977064013 -0.162373140 -0.206455588 0.066183090 0.172651410 0.982756913 0.489938855
0.987976074 0.132618591 -0.079470105 0.158799499 -0.144280404 0.975566685 -0.165688589 -0.208818197 0.055555008 0.175162345 0.982970893 0.500131726
0.989831865 0.127154008 -0.063756377 0.178116813 -0.136116698 0.976849079 -0.165039882 -0.214448199 0.041294880 0.172040015 0.984224021 0.536921084
0.990714014 0.129024908 -0.042877343 0.201128200 -0.134639338 0.974902689 -0.177305147 -0.220163301 0.018924449 0.181431621 0.983221471 0.568562329
0.993924677 0.104857177 -0.033445153 0.195478618 -0.109143898 0.978190601 -0.176722273 -0.222657681 0.014185127 0.179298967 0.983692408 0.573997736
0.998153687 0.060386728 -0.006534328 0.177035823 -0.060657598 0.985450566 -0.158769354 -0.225320712 -0.003148305 0.158872589 0.987294078 0.575348258
0.999120533 0.039912455 0.012850862 0.174400479 -0.037437376 0.987160146 -0.155284479 -0.224657133 -0.018883642 0.154666811 0.987786233 0.576646090
0.998567104 0.028990123 0.044981431 0.187630236 -0.020964423 0.985288441 -0.169608876 -0.230837047 -0.049236666 0.168422833 0.984484375 0.597474098
0.995801628 -0.002556514 0.091500878 0.196548700 0.019757148 0.982050955 -0.187578231 -0.238780022 -0.089378968 0.188598558 0.977978528 0.619666576
0.988712966 -0.034509070 0.145793140 0.205427617 0.065936014 0.974031091 -0.216600761 -0.246110246 -0.134532347 0.223769024 0.965312600 0.640470982
0.981041253 -0.075599276 0.178445637 0.207679287 0.115217619 0.967898309 -0.223378077 -0.248196155 -0.155829981 0.239703193 0.958258510 0.645726383
